ssd_fips,mrp_mean,mrp_sd,mrp_lower,mrp_upper,raw_mean,abb,state,state_fips,name,pres_2012,district,sample_size1001,0.572468071,0.135126668,0.30956546,0.82538315,0.593874517,AL,Alabama,1,"State Senate District 1 (2012), Alabama",NA,1,721002,0.407002863,0.114578787,0.184022735,0.644251177,0.546164978,AL,Alabama,1,"State Senate District 2 (2012), Alabama",NA,2,1231003,0.517370121,0.125540789,0.280801593,0.770288933,0.681309016,AL,Alabama,1,"State Senate District 3 (2012), Alabama",NA,3,791004,0.573467536,0.13246937,0.32237571,0.837030186,0.742562187,AL,Alabama,1,"State Senate District 4 (2012), Alabama",NA,4,771005,0.482126112,0.149440384,0.199909893,0.782813798,0.510771276,AL,Alabama,1,"State Senate District 5 (2012), Alabama",NA,5,501006,0.337170923,0.139305432,0.057641152,0.598733209,0.412491037,AL,Alabama,1,"State Senate District 6 (2012), Alabama",NA,6,631007,0.235454081,0.102133022,0.039507515,0.44760034,0.36586091,AL,Alabama,1,"State Senate District 7 (2012), Alabama",NA,7,1421008,0.354884882,0.111821399,0.143972693,0.587913433,0.368616209,AL,Alabama,1,"State Senate District 8 (2012), Alabama",NA,8,831009,0.295525331,0.129687803,0.034848285,0.562838932,0.28599708,AL,Alabama,1,"State Senate District 9 (2012), Alabama",NA,9,671010,0.452321105,0.112279308,0.248982381,0.681089053,0.480248636,AL,Alabama,1,"State Senate District 10 (2012), Alabama",NA,10,1021011,0.333588109,0.132252046,0.069449161,0.584958862,0.360853361,AL,Alabama,1,"State Senate District 11 (2012), Alabama",NA,11,811012,0.251179768,0.116505499,0.013595321,0.480118206,0.15051323,AL,Alabama,1,"State Senate District 12 (2012), Alabama",NA,12,961013,0.627401595,0.135478836,0.35517865,0.874631755,0.705992333,AL,Alabama,1,"State Senate District 13 (2012), Alabama",NA,13,731014,0.628909764,0.132510529,0.381493222,0.912413849,0.740385636,AL,Alabama,1,"State Senate District 14 (2012), Alabama",NA,14,771015,0.251823297,0.124861821,0.005653074,0.484648696,0.298503206,AL,Alabama,1,"State Senate District 15 (2012), Alabama",NA,15,771016,0.155166826,0.107977515,-0.074966678,0.349501576,0.10460909,AL,Alabama,1,"State Senate District 16 (2012), Alabama",NA,16,1271017,0.422719048,0.129170372,0.187936844,0.669663971,0.475738631,AL,Alabama,1,"State Senate District 17 (2012), Alabama",NA,17,801018,-0.324706506,0.107475813,-0.525436093,-0.09736535,-0.418439362,AL,Alabama,1,"State Senate District 18 (2012), Alabama",NA,18,1261019,-0.194205587,0.128429287,-0.433182501,0.065697457,-0.197696052,AL,Alabama,1,"State Senate District 19 (2012), Alabama",NA,19,771020,-0.115722008,0.118903736,-0.350921896,0.116414406,-0.325633125,AL,Alabama,1,"State Senate District 20 (2012), Alabama",NA,20,911021,0.316651681,0.124359917,0.079421657,0.567153409,0.208448174,AL,Alabama,1,"State Senate District 21 (2012), Alabama",NA,21,831022,0.399383054,0.121614646,0.158005317,0.626542063,0.458443815,AL,Alabama,1,"State Senate District 22 (2012), Alabama",NA,22,801023,-0.097123569,0.118381386,-0.327114055,0.113861633,-0.112021099,AL,Alabama,1,"State Senate District 23 (2012), Alabama",NA,23,791024,0.225256864,0.120442906,-0.028866828,0.442899872,0.333012238,AL,Alabama,1,"State Senate District 24 (2012), Alabama",NA,24,851025,0.376739127,0.121350613,0.150925174,0.618608323,0.352064292,AL,Alabama,1,"State Senate District 25 (2012), Alabama",NA,25,1061026,-0.170387791,0.11277116,-0.392907317,0.048275362,-0.235821378,AL,Alabama,1,"State Senate District 26 (2012), Alabama",NA,26,1091027,0.186836849,0.12169444,-0.066289301,0.420389882,0.137313945,AL,Alabama,1,"State Senate District 27 (2012), Alabama",NA,27,851028,0.164321235,0.131424472,-0.089309402,0.415972475,0.351086239,AL,Alabama,1,"State Senate District 28 (2012), Alabama",NA,28,851029,0.437443608,0.10869632,0.215313082,0.655674782,0.525345723,AL,Alabama,1,"State Senate District 29 (2012), Alabama",NA,29,1141030,0.422641399,0.125653156,0.190334409,0.661944758,0.55254325,AL,Alabama,1,"State Senate District 30 (2012), Alabama",NA,30,821031,0.464690809,0.129182721,0.218837806,0.724403547,0.611927043,AL,Alabama,1,"State Senate District 31 (2012), Alabama",NA,31,681032,0.351893574,0.11850157,0.122058561,0.591330786,0.493954943,AL,Alabama,1,"State Senate District 32 (2012), Alabama",NA,32,1121033,-0.420017634,0.136722783,-0.684703081,-0.175142054,-0.575420062,AL,Alabama,1,"State Senate District 33 (2012), Alabama",NA,33,851034,0.469332832,0.124989747,0.230417394,0.706837548,0.630401062,AL,Alabama,1,"State Senate District 34 (2012), Alabama",NA,34,781035,0.4773978,0.118311337,0.245989632,0.712458502,0.481113407,AL,Alabama,1,"State Senate District 35 (2012), Alabama",NA,35,92200A,0.173794102,0.192112115,-0.214198702,0.523757033,0.123736253,AK,Alaska,2,"State Senate District A (2012), Alaska",0.409291844,00A,21200B,0.274129716,0.163945445,-0.030258901,0.59730727,0.309943325,AK,Alaska,2,"State Senate District B (2012), Alaska",0.358529111,00B,29200C,0.201773107,0.161757139,-0.109824355,0.514035272,0.10177415,AK,Alaska,2,"State Senate District C (2012), Alaska",0.401430099,00C,37200D,0.375858863,0.17252826,0.015978566,0.714550766,0.706505585,AK,Alaska,2,"State Senate District D (2012), Alaska",0.227991137,00D,29200E,0.417716526,0.202666841,0.008265826,0.814917907,0.748212382,AK,Alaska,2,"State Senate District E (2012), Alaska",0.282146219,00E,15200F,0.232182868,0.194652192,-0.146235709,0.630005626,0.261058136,AK,Alaska,2,"State Senate District F (2012), Alaska",0.264348281,00F,19200G,-0.008859738,0.154840088,-0.298841495,0.286390581,-0.028379714,AK,Alaska,2,"State Senate District G (2012), Alaska",0.312680115,00G,36200H,-0.13418479,0.18495988,-0.503542221,0.204639299,-0.524734233,AK,Alaska,2,"State Senate District H (2012), Alaska",0.468345088,00H,17200I,0.142333003,0.17398463,-0.168958434,0.510933955,0.065623565,AK,Alaska,2,"State Senate District I (2012), Alaska",0.559209014,00I,31200J,-0.184471513,0.163928755,-0.527417001,0.118214527,-0.404759781,AK,Alaska,2,"State Senate District J (2012), Alaska",0.644809736,00J,35200K,0.172838769,0.16664907,-0.169499702,0.502953881,0.27466742,AK,Alaska,2,"State Senate District K (2012), Alaska",0.46180956,00K,37200L,-0.045694711,0.180698084,-0.429215825,0.294128338,-0.09890632,AK,Alaska,2,"State Senate District L (2012), Alaska",0.414930789,00L,25200M,0.343931012,0.168423773,0.005453555,0.664883766,0.594511485,AK,Alaska,2,"State Senate District M (2012), Alaska",0.415978326,00M,35200N,-0.116790218,0.186342096,-0.485013656,0.240082249,-0.57473077,AK,Alaska,2,"State Senate District N (2012), Alaska",0.436601725,00N,21200O,0.456417156,0.166028473,0.145091017,0.773779026,0.702719681,AK,Alaska,2,"State Senate District O (2012), Alaska",0.261151353,00O,37200P,-0.00843478,0.169910866,-0.316547252,0.322620552,-0.128445559,AK,Alaska,2,"State Senate District P (2012), Alaska",0.407568397,00P,36200Q,0.108187053,0.19382706,-0.261961494,0.493607564,0.120950281,AK,Alaska,2,"State Senate District Q (2012), Alaska",0.595797984,00Q,20200R,0.253276346,0.207342872,-0.151204216,0.662497373,0.158903351,AK,Alaska,2,"State Senate District R (2012), Alaska",0.483794212,00R,19200S,0.370487205,0.198767003,-0.043780964,0.759204827,0.64705563,AK,Alaska,2,"State Senate District S (2012), Alaska",0.668393223,00S,14200T,0.40004075,0.223111888,0.005232053,0.834293168,0.595885541,AK,Alaska,2,"State Senate District T (2012), Alaska",0.702681072,00T,104001,0.288677765,0.077881059,0.134446279,0.442923356,0.418582956,AZ,Arizona,4,"State Senate District 1 (2012), Arizona",NA,1,2584002,-0.013011462,0.097480288,-0.198512645,0.162134659,0.098684371,AZ,Arizona,4,"State Senate District 2 (2012), Arizona",NA,2,1504003,-0.319726043,0.089048814,-0.481759291,-0.149077529,-0.204853968,AZ,Arizona,4,"State Senate District 3 (2012), Arizona",NA,3,1974004,0.007003459,0.101661717,-0.176062116,0.216233621,0.193983274,AZ,Arizona,4,"State Senate District 4 (2012), Arizona",NA,4,1324005,0.270177038,0.076878917,0.117007339,0.430936761,0.415762858,AZ,Arizona,4,"State Senate District 5 (2012), Arizona",NA,5,2654006,0.069597275,0.083537901,-0.102506486,0.232460794,0.182759116,AZ,Arizona,4,"State Senate District 6 (2012), Arizona",NA,6,2174007,0.302007163,0.132588436,0.032337805,0.540845802,0.336076574,AZ,Arizona,4,"State Senate District 7 (2012), Arizona",NA,7,624008,0.200838595,0.109172066,0.001773889,0.408561914,0.38517316,AZ,Arizona,4,"State Senate District 8 (2012), Arizona",NA,8,1054009,-0.288129046,0.073056493,-0.432311674,-0.151068901,-0.209058862,AZ,Arizona,4,"State Senate District 9 (2012), Arizona",NA,9,2604010,-0.213731636,0.076199184,-0.367365084,-0.068353058,-0.142220106,AZ,Arizona,4,"State Senate District 10 (2012), Arizona",NA,10,3224011,0.222988734,0.085281756,0.059755757,0.395122204,0.338578004,AZ,Arizona,4,"State Senate District 11 (2012), Arizona",NA,11,2154012,0.336405056,0.091143091,0.155415594,0.508325788,0.488182056,AZ,Arizona,4,"State Senate District 12 (2012), Arizona",NA,12,1634013,0.244909121,0.092329934,0.056649067,0.429389469,0.382871501,AZ,Arizona,4,"State Senate District 13 (2012), Arizona",NA,13,1814014,0.407463033,0.076100884,0.273356509,0.550169816,0.550506216,AZ,Arizona,4,"State Senate District 14 (2012), Arizona",NA,14,2584015,0.076395736,0.090035607,-0.085647182,0.261184005,0.131911716,AZ,Arizona,4,"State Senate District 15 (2012), Arizona",NA,15,2064016,0.302032193,0.079506178,0.148989111,0.460431058,0.446535388,AZ,Arizona,4,"State Senate District 16 (2012), Arizona",NA,16,2274017,0.053778419,0.087709109,-0.122696748,0.228867887,0.109032896,AZ,Arizona,4,"State Senate District 17 (2012), Arizona",NA,17,1954018,-0.081375222,0.081155007,-0.24948017,0.071536527,-0.036113862,AZ,Arizona,4,"State Senate District 18 (2012), Arizona",NA,18,2404019,-0.004949193,0.117963399,-0.245227484,0.217762773,0.144307129,AZ,Arizona,4,"State Senate District 19 (2012), Arizona",NA,19,954020,0.334744291,0.072900339,0.188759922,0.467454268,0.462906629,AZ,Arizona,4,"State Senate District 20 (2012), Arizona",NA,20,2754021,0.0334465,0.077868362,-0.115849678,0.184180371,0.192272198,AZ,Arizona,4,"State Senate District 21 (2012), Arizona",NA,21,2784022,0.31685383,0.077778522,0.166090042,0.467409613,0.476838966,AZ,Arizona,4,"State Senate District 22 (2012), Arizona",NA,22,2834023,0.303789562,0.076217228,0.156348986,0.450083885,0.388873011,AZ,Arizona,4,"State Senate District 23 (2012), Arizona",NA,23,2584024,-0.50131419,0.086573678,-0.668689012,-0.332227818,-0.526679482,AZ,Arizona,4,"State Senate District 24 (2012), Arizona",NA,24,2044025,0.391011066,0.076936771,0.245613799,0.540663921,0.507801511,AZ,Arizona,4,"State Senate District 25 (2012), Arizona",NA,25,2484026,-0.287185987,0.087027348,-0.461450313,-0.097071772,-0.178517063,AZ,Arizona,4,"State Senate District 26 (2012), Arizona",NA,26,2114027,-0.270670736,0.094321878,-0.457774899,-0.084697995,-0.185649943,AZ,Arizona,4,"State Senate District 27 (2012), Arizona",NA,27,1484028,-0.107879065,0.0734813,-0.258271761,0.029619619,-0.040501615,AZ,Arizona,4,"State Senate District 28 (2012), Arizona",NA,28,2644029,-0.109473082,0.10270932,-0.323253679,0.074160032,0.004205016,AZ,Arizona,4,"State Senate District 29 (2012), Arizona",NA,29,1164030,-0.230783226,0.085967877,-0.391858481,-0.063584938,-0.122924514,AZ,Arizona,4,"State Senate District 30 (2012), Arizona",NA,30,1995001,0.29935728,0.139428677,0.036728909,0.555742881,0.406551795,AR,Arkansas,5,"State Senate District 1 (2012), Arkansas",0.272968395,1,615002,0.443941507,0.113987256,0.228964319,0.657132356,0.551070423,AR,Arkansas,5,"State Senate District 2 (2012), Arkansas",0.281150653,2,975003,0.405403846,0.146342961,0.134790371,0.704783121,0.548084597,AR,Arkansas,5,"State Senate District 3 (2012), Arkansas",0.3300198,3,655004,0.064198777,0.130902148,-0.184569085,0.312882792,0.109886029,AR,Arkansas,5,"State Senate District 4 (2012), Arkansas",0.526636325,4,835005,0.458994341,0.123915589,0.199970322,0.680243267,0.52986546,AR,Arkansas,5,"State Senate District 5 (2012), Arkansas",0.30604408,5,825006,0.424389281,0.128316395,0.180978417,0.675532207,0.574366428,AR,Arkansas,5,"State Senate District 6 (2012), Arkansas",0.306868056,6,775007,-0.014830209,0.137792619,-0.289087508,0.253430623,-0.035057231,AR,Arkansas,5,"State Senate District 7 (2012), Arkansas",0.337816998,7,595008,0.349786603,0.139043283,0.077165465,0.616003022,0.466818564,AR,Arkansas,5,"State Senate District 8 (2012), Arkansas",0.288538961,8,625009,0.251044606,0.141143344,-0.022669488,0.52683244,0.334176228,AR,Arkansas,5,"State Senate District 9 (2012), Arkansas",0.316674392,9,595010,0.397035596,0.151219056,0.078678703,0.68862166,0.558196524,AR,Arkansas,5,"State Senate District 10 (2012), Arkansas",0.286911903,10,515011,0.283758926,0.145497335,0.007681971,0.583421164,0.542323643,AR,Arkansas,5,"State Senate District 11 (2012), Arkansas",0.305504554,11,535012,0.107224886,0.132711515,-0.136758649,0.35525358,0.333029765,AR,Arkansas,5,"State Senate District 12 (2012), Arkansas",0.401634597,12,555013,0.110055276,0.133725162,-0.164476084,0.364411609,0.122523914,AR,Arkansas,5,"State Senate District 13 (2012), Arkansas",0.324426056,13,715014,0.106371528,0.111939177,-0.115565029,0.32252701,0.105852251,AR,Arkansas,5,"State Senate District 14 (2012), Arkansas",0.331075504,14,1125015,0.180443864,0.150693618,-0.09212095,0.463407981,0.219941613,AR,Arkansas,5,"State Senate District 15 (2012), Arkansas",0.324638303,15,575016,0.222599658,0.141408066,-0.044723145,0.49274136,0.167770508,AR,Arkansas,5,"State Senate District 16 (2012), Arkansas",0.263888392,16,585017,0.412366491,0.101809711,0.216659194,0.615000935,0.527192067,AR,Arkansas,5,"State Senate District 17 (2012), Arkansas",0.270111551,17,1375018,0.37879593,0.139898959,0.094152223,0.643885144,0.462363178,AR,Arkansas,5,"State Senate District 18 (2012), Arkansas",0.249883991,18,685019,0.46846067,0.131290571,0.221558158,0.718576775,0.514622979,AR,Arkansas,5,"State Senate District 19 (2012), Arkansas",0.293025454,19,815020,0.433723597,0.136520418,0.179851625,0.684082889,0.524624307,AR,Arkansas,5,"State Senate District 20 (2012), Arkansas",0.326916557,20,645021,0.107166009,0.143856624,-0.172580385,0.390336097,0.06027217,AR,Arkansas,5,"State Senate District 21 (2012), Arkansas",0.348157466,21,555022,0.292191397,0.157109261,-0.016493556,0.572628228,0.486376902,AR,Arkansas,5,"State Senate District 22 (2012), Arkansas",0.417976657,22,455023,0.058934842,0.133718889,-0.207185099,0.30493338,-0.16269894,AR,Arkansas,5,"State Senate District 23 (2012), Arkansas",0.391416873,23,525024,-0.025818794,0.148326212,-0.298652735,0.28264201,0.107761655,AR,Arkansas,5,"State Senate District 24 (2012), Arkansas",0.627330931,24,495025,0.003032004,0.166194348,-0.330096284,0.336947887,0.084704594,AR,Arkansas,5,"State Senate District 25 (2012), Arkansas",0.684124577,25,335026,0.058208817,0.163420784,-0.26686379,0.380828305,-0.045393128,AR,Arkansas,5,"State Senate District 26 (2012), Arkansas",0.406835337,26,355027,0.007420059,0.152820224,-0.289717403,0.310922962,-0.022070377,AR,Arkansas,5,"State Senate District 27 (2012), Arkansas",0.399738991,27,495028,0.304827105,0.156088094,-0.00775523,0.61321338,0.245194909,AR,Arkansas,5,"State Senate District 28 (2012), Arkansas",0.320910758,28,515029,0.174016431,0.160177965,-0.139592389,0.481981425,0.23363006,AR,Arkansas,5,"State Senate District 29 (2012), Arkansas",0.21020958,29,415030,-0.04180585,0.134278512,-0.309288646,0.217920478,0.004381119,AR,Arkansas,5,"State Senate District 30 (2012), Arkansas",0.761368719,30,745031,-0.489033184,0.143351952,-0.766290985,-0.193000876,-0.525701718,AR,Arkansas,5,"State Senate District 31 (2012), Arkansas",0.805584034,31,575032,-0.056147647,0.128892735,-0.304000682,0.187916965,-0.144404103,AR,Arkansas,5,"State Senate District 32 (2012), Arkansas",0.509021937,32,795033,0.059570269,0.138097499,-0.206093918,0.330924876,0.093533805,AR,Arkansas,5,"State Senate District 33 (2012), Arkansas",0.292771739,33,675034,-0.142693569,0.111813932,-0.359598232,0.100275938,-0.209057467,AR,Arkansas,5,"State Senate District 34 (2012), Arkansas",0.418966314,34,1015035,0.019867809,0.138820113,-0.276778974,0.262091843,-0.081747558,AR,Arkansas,5,"State Senate District 35 (2012), Arkansas",0.377189675,35,626001,0.159303391,0.04860752,0.068124859,0.252025793,0.2672789,CA,California,6,"State Senate District 1 (2012), California",0.405321919,1,6946002,-0.737923483,0.046225381,-0.825885529,-0.639073372,-0.670668749,CA,California,6,"State Senate District 2 (2012), California",0.714851544,2,7326003,-0.422013721,0.054938314,-0.527900782,-0.310724132,-0.366859653,CA,California,6,"State Senate District 3 (2012), California",0.671791914,3,6456004,-0.018718356,0.050824556,-0.124079497,0.080220279,0.076455297,CA,California,6,"State Senate District 4 (2012), California",0.45592407,4,6766005,-0.027173439,0.050876098,-0.127199583,0.068132332,0.063266518,CA,California,6,"State Senate District 5 (2012), California",0.55397478,5,5616006,-0.322894515,0.048437752,-0.40581741,-0.221313133,-0.312891848,CA,California,6,"State Senate District 6 (2012), California",0.677975845,6,6826007,-0.170486146,0.049872909,-0.264398634,-0.080234029,-0.060679277,CA,California,6,"State Senate District 7 (2012), California",0.619556463,7,6666008,-0.004651109,0.049585758,-0.105582589,0.091492351,0.068174472,CA,California,6,"State Senate District 8 (2012), California",0.440505743,8,6036009,-1.05623107,0.049409935,-1.152833045,-0.964606578,-1.116956054,CA,California,6,"State Senate District 9 (2012), California",0.897303246,9,6476010,-0.405741565,0.054325654,-0.510821213,-0.295154073,-0.412820869,CA,California,6,"State Senate District 10 (2012), California",0.760108111,10,5486011,-1.116304361,0.049407853,-1.213215358,-1.017404238,-1.139713618,CA,California,6,"State Senate District 11 (2012), California",0.859027362,11,6646012,-0.119318925,0.06746754,-0.246522736,0.016684589,-0.014669188,CA,California,6,"State Senate District 12 (2012), California",0.588417662,12,3816013,-0.720791885,0.054625602,-0.823784982,-0.613812154,-0.679907097,CA,California,6,"State Senate District 13 (2012), California",0.737285956,13,6116014,-0.029837571,0.072509895,-0.167096227,0.103763851,0.075096279,CA,California,6,"State Senate District 14 (2012), California",0.594439777,14,2996015,-0.476343048,0.060661722,-0.598399491,-0.369385378,-0.420499293,CA,California,6,"State Senate District 15 (2012), California",0.71512916,15,4806016,0.068026476,0.050149848,-0.032899419,0.153984615,0.186752234,CA,California,6,"State Senate District 16 (2012), California",0.368112124,16,6116017,-0.473064371,0.054112307,-0.573554114,-0.36997449,-0.419334333,CA,California,6,"State Senate District 17 (2012), California",0.649798422,17,5526018,-0.699941864,0.05591945,-0.808503503,-0.591364068,-0.675456566,CA,California,6,"State Senate District 18 (2012), California",0.758648306,18,5156019,-0.150506126,0.058766097,-0.262442911,-0.032775835,-0.052432825,CA,California,6,"State Senate District 19 (2012), California",0.596982225,19,4966020,-0.27055187,0.063529694,-0.394137816,-0.147098374,-0.244835024,CA,California,6,"State Senate District 20 (2012), California",0.695736416,20,4156021,0.090087619,0.043035346,0.006855713,0.168513674,0.199702985,CA,California,6,"State Senate District 21 (2012), California",0.487548687,21,8026022,-0.298855729,0.058375018,-0.417109121,-0.191181981,-0.299838396,CA,California,6,"State Senate District 22 (2012), California",0.69885066,22,4346023,-0.027320595,0.046487497,-0.116077294,0.063665298,0.067394748,CA,California,6,"State Senate District 23 (2012), California",0.470497129,23,7046024,-0.660131092,0.064424609,-0.787579799,-0.527390139,-0.654016256,CA,California,6,"State Senate District 24 (2012), California",0.862423694,24,4066025,-0.247714489,0.049120122,-0.34983706,-0.159102477,-0.238987234,CA,California,6,"State Senate District 25 (2012), California",0.615330602,25,6446026,-0.63056338,0.050211956,-0.729844686,-0.533586622,-0.61369425,CA,California,6,"State Senate District 26 (2012), California",0.668078962,26,7746027,-0.287909345,0.052395147,-0.395303338,-0.188360025,-0.205186953,CA,California,6,"State Senate District 27 (2012), California",0.55801495,27,6626028,-0.246427643,0.050360021,-0.339330053,-0.146394793,-0.122042372,CA,California,6,"State Senate District 28 (2012), California",0.463980414,28,6636029,-0.160015014,0.057061584,-0.26519198,-0.029891045,-0.087073774,CA,California,6,"State Senate District 29 (2012), California",0.498234267,29,5256030,-0.763679208,0.058346652,-0.879568652,-0.649738969,-0.808019971,CA,California,6,"State Senate District 30 (2012), California",0.901319558,30,5026031,-0.115812903,0.052644746,-0.214505613,-0.014050223,-0.048085944,CA,California,6,"State Senate District 31 (2012), California",0.58796289,31,5356032,-0.239039317,0.056340919,-0.360837042,-0.140643636,-0.191655192,CA,California,6,"State Senate District 32 (2012), California",0.655857638,32,5406033,-0.615945772,0.060291018,-0.744057531,-0.486605354,-0.577752958,CA,California,6,"State Senate District 33 (2012), California",0.804750035,33,4256034,-0.192231454,0.061986016,-0.307450518,-0.075614768,-0.137805543,CA,California,6,"State Senate District 34 (2012), California",0.545789468,34,3946035,-0.395482651,0.0601394,-0.49607584,-0.281474064,-0.419120348,CA,California,6,"State Senate District 35 (2012), California",0.817673933,35,4636036,-0.001652236,0.056494139,-0.106424114,0.107085481,0.093179312,CA,California,6,"State Senate District 36 (2012), California",0.440735387,36,6006037,0.002311671,0.051733013,-0.094766814,0.098490663,0.102404391,CA,California,6,"State Senate District 37 (2012), California",0.449670497,37,6176038,0.103487547,0.051201567,0.007140966,0.199638717,0.172402188,CA,California,6,"State Senate District 38 (2012), California",0.421007505,38,6726039,-0.504563455,0.045825124,-0.593558867,-0.410065841,-0.466227977,CA,California,6,"State Senate District 39 (2012), California",0.602326945,39,7606040,-0.34474245,0.057292287,-0.455296447,-0.221218726,-0.291565195,CA,California,6,"State Senate District 40 (2012), California",0.661610017,40,5238001,0.505141127,0.113268001,0.288031876,0.735864659,0.639998813,CO,Colorado,8,"State Senate District 1 (2012), Colorado",0.286127737,1,938002,0.517055375,0.097989219,0.324526683,0.711105669,0.64751223,CO,Colorado,8,"State Senate District 2 (2012), Colorado",0.374648014,2,1548003,0.079988653,0.108820769,-0.116287723,0.285729149,0.232897082,CO,Colorado,8,"State Senate District 3 (2012), Colorado",0.596892721,3,1168004,0.235294218,0.10540922,0.007541447,0.433693188,0.395692999,CO,Colorado,8,"State Senate District 4 (2012), Colorado",0.343913301,4,1258005,0.106366397,0.138012097,-0.160807652,0.359030595,0.166798925,CO,Colorado,8,"State Senate District 5 (2012), Colorado",0.523316062,5,718006,0.090002053,0.107023392,-0.11993671,0.301518508,0.245445129,CO,Colorado,8,"State Senate District 6 (2012), Colorado",0.452003023,6,1178007,0.292186639,0.103668246,0.092501321,0.479122563,0.457702886,CO,Colorado,8,"State Senate District 7 (2012), Colorado",0.334361592,7,1288008,0.100887067,0.145553896,-0.18553972,0.383431258,0.219232746,CO,Colorado,8,"State Senate District 8 (2012), Colorado",0.4867562,8,648009,0.680603446,0.095974213,0.490428554,0.855670312,0.863790576,CO,Colorado,8,"State Senate District 9 (2012), Colorado",0.2889981,9,1468010,0.268853231,0.099905573,0.077002378,0.471085775,0.371077757,CO,Colorado,8,"State Senate District 10 (2012), Colorado",0.374036718,10,1308011,-0.001722003,0.108471022,-0.220267426,0.211773824,0.0840934,CO,Colorado,8,"State Senate District 11 (2012), Colorado",0.611707434,11,1298012,0.16192474,0.105490264,-0.052463255,0.368045804,0.164248687,CO,Colorado,8,"State Senate District 12 (2012), Colorado",0.396497344,12,1228013,0.15509952,0.109841905,-0.062121946,0.390358765,0.311795161,CO,Colorado,8,"State Senate District 13 (2012), Colorado",0.488976702,13,1228014,-0.401577617,0.093147872,-0.592379417,-0.229965054,-0.346658561,CO,Colorado,8,"State Senate District 14 (2012), Colorado",0.613624427,14,1598015,-0.010203601,0.111946906,-0.211043135,0.234878741,0.113772457,CO,Colorado,8,"State Senate District 15 (2012), Colorado",0.46086409,15,1148016,-0.043840905,0.10616643,-0.252258592,0.160005939,-3.64E-05,CO,Colorado,8,"State Senate District 16 (2012), Colorado",0.514105753,16,1298017,-0.047840294,0.101934787,-0.238855464,0.14200914,0.094363976,CO,Colorado,8,"State Senate District 17 (2012), Colorado",0.638093996,17,1458018,-0.866100685,0.107305675,-1.091112321,-0.667966107,-1.005403476,CO,Colorado,8,"State Senate District 18 (2012), Colorado",0.784329929,18,1068019,-0.121900439,0.091291735,-0.28880862,0.063055014,-0.025453451,CO,Colorado,8,"State Senate District 19 (2012), Colorado",0.535260503,19,1628020,-0.179576452,0.104056637,-0.393104163,0.00442798,-0.124476824,CO,Colorado,8,"State Senate District 20 (2012), Colorado",0.528955101,20,1378021,-0.094945301,0.115680203,-0.330412235,0.127632662,0.034722326,CO,Colorado,8,"State Senate District 21 (2012), Colorado",0.66348163,21,1028022,-0.048785773,0.097488112,-0.23616454,0.134575986,0.052808494,CO,Colorado,8,"State Senate District 22 (2012), Colorado",0.542185067,22,1708023,0.197395758,0.11211688,-0.018644357,0.428604145,0.328357468,CO,Colorado,8,"State Senate District 23 (2012), Colorado",0.452964168,23,1108024,-0.284477359,0.11086298,-0.498188104,-0.061627017,-0.270267366,CO,Colorado,8,"State Senate District 24 (2012), Colorado",0.546951752,24,1248025,0.099151294,0.118768742,-0.135008385,0.331520281,0.222894156,CO,Colorado,8,"State Senate District 25 (2012), Colorado",0.566693968,25,968026,-0.373208874,0.107012365,-0.575575465,-0.156268638,-0.325476269,CO,Colorado,8,"State Senate District 26 (2012), Colorado",0.546757506,26,1078027,-0.101415093,0.104815746,-0.30756864,0.083785188,-0.04441237,CO,Colorado,8,"State Senate District 27 (2012), Colorado",0.477227383,27,1468028,0.019516564,0.102832039,-0.184087894,0.225468209,0.137764617,CO,Colorado,8,"State Senate District 28 (2012), Colorado",0.587691379,28,1368029,-0.184894699,0.096674336,-0.377773704,-0.005756183,-0.111657602,CO,Colorado,8,"State Senate District 29 (2012), Colorado",0.615875929,29,1558030,0.196958832,0.108717283,-0.014218241,0.414114809,0.334558917,CO,Colorado,8,"State Senate District 30 (2012), Colorado",0.394493525,30,1058031,-0.570057777,0.090439928,-0.754829182,-0.39113854,-0.576991969,CO,Colorado,8,"State Senate District 31 (2012), Colorado",0.713479676,31,1888032,-0.536536904,0.104001901,-0.729871913,-0.333772729,-0.504072652,CO,Colorado,8,"State Senate District 32 (2012), Colorado",0.70605059,32,1298033,-0.623234274,0.115771294,-0.844404157,-0.397943785,-0.606305589,CO,Colorado,8,"State Senate District 33 (2012), Colorado",0.853946494,33,1048034,-0.452784126,0.11753586,-0.68925424,-0.215722531,-0.441070327,CO,Colorado,8,"State Senate District 34 (2012), Colorado",0.793507363,34,948035,0.347005671,0.125512468,0.088362982,0.583931552,0.541814766,CO,Colorado,8,"State Senate District 35 (2012), Colorado",0.466717299,35,949001,-0.604367388,0.151820787,-0.910640972,-0.303556081,-0.727711841,CT,Connecticut,9,"State Senate District 1 (2012), Connecticut",0.796643328,1,489002,-0.762740535,0.131918642,-0.998679157,-0.475895626,-0.590972765,CT,Connecticut,9,"State Senate District 2 (2012), Connecticut",0.859452549,2,759003,-0.064091515,0.14004833,-0.313994231,0.231009256,0.170027678,CT,Connecticut,9,"State Senate District 3 (2012), Connecticut",0.64087394,3,659004,-0.199202023,0.119859126,-0.425450439,0.028216227,-0.157448924,CT,Connecticut,9,"State Senate District 4 (2012), Connecticut",0.597056079,4,969005,-0.418762435,0.115486857,-0.658396117,-0.18353518,-0.341306088,CT,Connecticut,9,"State Senate District 5 (2012), Connecticut",0.611761212,5,899006,-0.325688524,0.13681827,-0.561638567,-0.068593512,-0.287202705,CT,Connecticut,9,"State Senate District 6 (2012), Connecticut",0.67007543,6,659007,-0.259837134,0.135659324,-0.529761024,-0.002920833,-0.229895886,CT,Connecticut,9,"State Senate District 7 (2012), Connecticut",0.521568885,7,719008,-0.329540131,0.106790984,-0.540900415,-0.125030613,-0.243208413,CT,Connecticut,9,"State Senate District 8 (2012), Connecticut",0.48613025,8,1239009,-0.436520728,0.123887745,-0.673681671,-0.193219876,-0.38741101,CT,Connecticut,9,"State Senate District 9 (2012), Connecticut",0.611959777,9,769010,-0.855468425,0.132322288,-1.11565352,-0.579532012,-0.76956257,CT,Connecticut,9,"State Senate District 10 (2012), Connecticut",0.903946525,10,709011,-0.903864327,0.12984314,-1.165538728,-0.633407456,-1.042599261,CT,Connecticut,9,"State Senate District 11 (2012), Connecticut",0.777969869,11,789012,-0.146197245,0.103311943,-0.344031476,0.051200983,-0.051530964,CT,Connecticut,9,"State Senate District 12 (2012), Connecticut",0.549783977,12,1219013,-0.261177343,0.132211259,-0.525413589,-0.011410136,-0.123808771,CT,Connecticut,9,"State Senate District 13 (2012), Connecticut",0.623669991,13,809014,-0.3747499,0.12076023,-0.626339836,-0.127828576,-0.205965328,CT,Connecticut,9,"State Senate District 14 (2012), Connecticut",0.551204286,14,1049015,-0.302109888,0.126371522,-0.55566974,-0.08045535,-0.159326471,CT,Connecticut,9,"State Senate District 15 (2012), Connecticut",0.621115761,15,889016,-0.000666411,0.128972829,-0.260179471,0.247095645,0.146026835,CT,Connecticut,9,"State Senate District 16 (2012), Connecticut",0.4876089,16,749017,-0.311754136,0.110757468,-0.526536878,-0.093682441,-0.199769291,CT,Connecticut,9,"State Senate District 17 (2012), Connecticut",0.608296382,17,1059018,-0.284234418,0.136222199,-0.55507044,-0.036158453,-0.25326078,CT,Connecticut,9,"State Senate District 18 (2012), Connecticut",0.57113643,18,739019,-0.259187235,0.132593707,-0.518675446,-0.005499469,-0.239962801,CT,Connecticut,9,"State Senate District 19 (2012), Connecticut",0.576091481,19,739020,-0.319543562,0.141599272,-0.58258286,-0.036148392,-0.250794869,CT,Connecticut,9,"State Senate District 20 (2012), Connecticut",0.609023958,20,679021,-0.210122596,0.108049474,-0.431997559,0.007149533,-0.131318446,CT,Connecticut,9,"State Senate District 21 (2012), Connecticut",0.487347147,21,1229022,-0.492639436,0.139627901,-0.763126236,-0.241618194,-0.457949692,CT,Connecticut,9,"State Senate District 22 (2012), Connecticut",0.605586766,22,599023,-0.645940493,0.127257349,-0.878736683,-0.402016594,-0.534481051,CT,Connecticut,9,"State Senate District 23 (2012), Connecticut",0.910193866,23,749024,-0.329382272,0.114371683,-0.545932038,-0.100315281,-0.329370237,CT,Connecticut,9,"State Senate District 24 (2012), Connecticut",0.548609292,24,979025,-0.275629727,0.121175423,-0.503847538,-0.032884621,-0.15471572,CT,Connecticut,9,"State Senate District 25 (2012), Connecticut",0.586635294,25,839026,-0.312667805,0.12916081,-0.570710339,-0.076616133,-0.229042026,CT,Connecticut,9,"State Senate District 26 (2012), Connecticut",0.498159187,26,779027,-0.430573774,0.129726887,-0.67925381,-0.161785948,-0.286953913,CT,Connecticut,9,"State Senate District 27 (2012), Connecticut",0.634116062,27,699028,-0.324881336,0.138225508,-0.591537301,-0.050194288,-0.2938641,CT,Connecticut,9,"State Senate District 28 (2012), Connecticut",0.500362499,28,679029,-0.433119803,0.119412223,-0.671184862,-0.202450393,-0.46415155,CT,Connecticut,9,"State Senate District 29 (2012), Connecticut",0.630613966,29,829030,0.141234416,0.118360967,-0.093571862,0.358477379,0.293095176,CT,Connecticut,9,"State Senate District 30 (2012), Connecticut",0.506301664,30,1019031,-0.162945089,0.117798279,-0.393062098,0.078047673,-0.092690686,CT,Connecticut,9,"State Senate District 31 (2012), Connecticut",0.546955458,31,1059032,0.284303746,0.116183073,0.055819144,0.50688804,0.52991792,CT,Connecticut,9,"State Senate District 32 (2012), Connecticut",0.437590934,32,1009033,-0.390223635,0.124780715,-0.641504483,-0.157522273,-0.436977264,CT,Connecticut,9,"State Senate District 33 (2012), Connecticut",0.550630707,33,889034,-0.154607012,0.120859901,-0.391023523,0.077888142,-0.077327908,CT,Connecticut,9,"State Senate District 34 (2012), Connecticut",0.550145283,34,939035,-0.261607068,0.127943294,-0.503057871,0.009576966,-0.201831135,CT,Connecticut,9,"State Senate District 35 (2012), Connecticut",0.553446718,35,729036,-0.304372745,0.15327838,-0.598798282,-0.037559194,-0.388245715,CT,Connecticut,9,"State Senate District 36 (2012), Connecticut",0.45352358,36,5110001,-0.484017968,0.13824814,-0.759553619,-0.228754789,-0.600262107,DE,Delaware,10,"State Senate District 1 (2012), Delaware",0.716762735,1,6210002,-0.758691455,0.170256801,-1.101702045,-0.429786907,-0.767416856,DE,Delaware,10,"State Senate District 2 (2012), Delaware",0.92344847,2,3610003,-0.634579822,0.142663184,-0.926108733,-0.346635172,-0.416449057,DE,Delaware,10,"State Senate District 3 (2012), Delaware",0.881203207,3,4010004,-0.393448903,0.164909391,-0.732528222,-0.084958113,-0.46516283,DE,Delaware,10,"State Senate District 4 (2012), Delaware",0.506688135,4,3410005,-0.277770435,0.155117837,-0.605599718,0.034309224,-0.267742236,DE,Delaware,10,"State Senate District 5 (2012), Delaware",0.584496385,5,4710006,-0.352134064,0.136486302,-0.628927982,-0.09511943,-0.234777736,DE,Delaware,10,"State Senate District 6 (2012), Delaware",0.49105678,6,6110007,-0.203123202,0.199966035,-0.595189913,0.165457062,-0.278132659,DE,Delaware,10,"State Senate District 7 (2012), Delaware",0.648009883,7,2310008,-0.393430588,0.165989226,-0.712228436,-0.076890839,-0.344887566,DE,Delaware,10,"State Senate District 8 (2012), Delaware",0.562940525,8,4310009,-0.320442153,0.184326416,-0.667929447,0.035918939,-0.271755761,DE,Delaware,10,"State Senate District 9 (2012), Delaware",0.656096165,9,1810010,-0.180284256,0.152465356,-0.483348466,0.122118716,-0.258579332,DE,Delaware,10,"State Senate District 10 (2012), Delaware",0.594995323,10,5110011,-0.302365297,0.154172533,-0.60625512,0.007534174,-0.246550798,DE,Delaware,10,"State Senate District 11 (2012), Delaware",0.739658947,11,3910012,-0.228821584,0.145546792,-0.520493228,0.051133643,-0.105372887,DE,Delaware,10,"State Senate District 12 (2012), Delaware",0.689726801,12,5010013,-0.499127186,0.160399377,-0.827286824,-0.19338096,-0.51771943,DE,Delaware,10,"State Senate District 13 (2012), Delaware",0.782425588,13,3610014,-0.015054866,0.16298881,-0.374708115,0.301651833,0.108370219,DE,Delaware,10,"State Senate District 14 (2012), Delaware",0.572050458,14,3310015,-0.302181516,0.159511579,-0.609859803,0.020086229,-0.405942007,DE,Delaware,10,"State Senate District 15 (2012), Delaware",0.472970892,15,3410016,-0.169536198,0.165869038,-0.479045679,0.143795914,-0.071036945,DE,Delaware,10,"State Senate District 16 (2012), Delaware",0.491212907,16,3310017,-0.39495826,0.138261619,-0.660358132,-0.114754465,-0.380484425,DE,Delaware,10,"State Senate District 17 (2012), Delaware",0.627535168,17,6310018,-0.387686856,0.151709827,-0.688558845,-0.087586335,-0.467787064,DE,Delaware,10,"State Senate District 18 (2012), Delaware",0.424615547,18,5410019,0.128377446,0.157161718,-0.171859664,0.433630143,0.476106391,DE,Delaware,10,"State Senate District 19 (2012), Delaware",0.437706534,19,3910020,0.211992391,0.146643767,-0.080676542,0.486552734,0.462580867,DE,Delaware,10,"State Senate District 20 (2012), Delaware",0.409583835,20,6410021,-0.059628195,0.161111461,-0.370547958,0.266610371,0.097831149,DE,Delaware,10,"State Senate District 21 (2012), Delaware",0.390650382,21,4512001,0.29679296,0.061408124,0.182239034,0.418584802,0.404591249,FL,Florida,12,"State Senate District 1 (2012), Florida",0.26858725,1,42112002,0.166322906,0.057145532,0.056499245,0.272526248,0.255373992,FL,Florida,12,"State Senate District 2 (2012), Florida",0.332533196,2,47412003,-0.101833728,0.059730399,-0.208391082,0.021900368,-0.081214603,FL,Florida,12,"State Senate District 3 (2012), Florida",0.55672584,3,42112004,0.166715906,0.063956536,0.043878676,0.28364013,0.242716849,FL,Florida,12,"State Senate District 4 (2012), Florida",0.339482102,4,41812005,0.234867019,0.053057356,0.124733573,0.338739838,0.337777112,FL,Florida,12,"State Senate District 5 (2012), Florida",0.353568547,5,58912006,0.038096119,0.056604622,-0.079732459,0.150777776,0.168601436,FL,Florida,12,"State Senate District 6 (2012), Florida",0.395609126,6,56612007,-0.007828829,0.056435245,-0.11546,0.102628959,0.073817266,FL,Florida,12,"State Senate District 7 (2012), Florida",0.437439388,7,48612008,-0.025133483,0.055691828,-0.134711888,0.081180017,0.051993403,FL,Florida,12,"State Senate District 8 (2012), Florida",0.473435974,8,56012009,0.019213866,0.057345644,-0.089736865,0.127254643,0.082892666,FL,Florida,12,"State Senate District 9 (2012), Florida",0.601604752,9,46212010,-0.123543127,0.056408475,-0.234640304,-0.017821867,-0.046745096,FL,Florida,12,"State Senate District 10 (2012), Florida",0.466018651,10,52612011,0.169013535,0.054050905,0.058046801,0.276745946,0.244715136,FL,Florida,12,"State Senate District 11 (2012), Florida",0.388026046,11,54412012,-0.305574236,0.061697953,-0.418605956,-0.186782083,-0.250705322,FL,Florida,12,"State Senate District 12 (2012), Florida",0.669066749,12,38012013,0.051657238,0.057123997,-0.056503491,0.162692682,0.101632521,FL,Florida,12,"State Senate District 13 (2012), Florida",0.480080672,13,50612014,-0.084453974,0.061621933,-0.20901676,0.030156216,0.002842269,FL,Florida,12,"State Senate District 14 (2012), Florida",0.699772434,14,43512015,0.021099927,0.058134707,-0.090937496,0.134103785,0.067911776,FL,Florida,12,"State Senate District 15 (2012), Florida",0.459736901,15,48512016,0.111510738,0.057283004,0.00871657,0.222059144,0.212545383,FL,Florida,12,"State Senate District 16 (2012), Florida",0.441970898,16,55012017,0.008360393,0.055159385,-0.100185232,0.116085594,0.058191642,FL,Florida,12,"State Senate District 17 (2012), Florida",0.460636429,17,47612018,0.077705134,0.050919555,-0.017872683,0.18392212,0.139358012,FL,Florida,12,"State Senate District 18 (2012), Florida",0.471608377,18,65312019,-0.371254654,0.064771186,-0.484544876,-0.249245735,-0.23942313,FL,Florida,12,"State Senate District 19 (2012), Florida",0.774615546,19,36912020,-0.141776568,0.053596226,-0.243773825,-0.030984895,-0.056986942,FL,Florida,12,"State Senate District 20 (2012), Florida",0.483208615,20,57412021,0.087613565,0.065868379,-0.043363343,0.212514097,0.14921225,FL,Florida,12,"State Senate District 21 (2012), Florida",0.437402407,21,39812022,-0.187731517,0.054088564,-0.290578161,-0.084034009,-0.136900875,FL,Florida,12,"State Senate District 22 (2012), Florida",0.503454067,22,58312023,0.186923328,0.067118081,0.058825949,0.332186154,0.317242994,FL,Florida,12,"State Senate District 23 (2012), Florida",0.371773119,23,35712024,0.062415508,0.06245285,-0.05366828,0.192559979,0.110385994,FL,Florida,12,"State Senate District 24 (2012), Florida",0.471106016,24,44012025,-0.275222407,0.063104651,-0.398540402,-0.152614643,-0.228297875,FL,Florida,12,"State Senate District 25 (2012), Florida",0.552182861,25,35512026,0.022074089,0.062048718,-0.102698574,0.151986534,0.107139704,FL,Florida,12,"State Senate District 26 (2012), Florida",0.417364634,26,43212027,-0.323421153,0.068592082,-0.455874327,-0.17539231,-0.243499131,FL,Florida,12,"State Senate District 27 (2012), Florida",0.693658806,27,33512028,-0.020269696,0.0508729,-0.110838078,0.082367538,0.030326657,FL,Florida,12,"State Senate District 28 (2012), Florida",0.458357812,28,60712029,-0.195222651,0.060282806,-0.314405643,-0.082009941,-0.130900258,FL,Florida,12,"State Senate District 29 (2012), Florida",0.610149498,29,44312030,0.066929634,0.056300484,-0.047933368,0.175271269,0.196801057,FL,Florida,12,"State Senate District 30 (2012), Florida",0.406788951,30,51812031,-0.641811027,0.067872344,-0.7633072,-0.512628147,-0.443850663,FL,Florida,12,"State Senate District 31 (2012), Florida",0.834042414,31,37112032,0.159383694,0.06026194,0.045709115,0.273663652,0.281654743,FL,Florida,12,"State Senate District 32 (2012), Florida",0.443606905,32,44912033,-0.398056246,0.064085658,-0.524348018,-0.270009238,-0.419993957,FL,Florida,12,"State Senate District 33 (2012), Florida",0.625884742,33,40412034,-0.393049844,0.063310033,-0.517930111,-0.270329401,-0.353260878,FL,Florida,12,"State Senate District 34 (2012), Florida",0.531975627,34,43012035,-0.538842601,0.070034582,-0.665903679,-0.399682368,-0.573310549,FL,Florida,12,"State Senate District 35 (2012), Florida",0.603554547,35,30312036,-0.470990398,0.064382798,-0.604243686,-0.357691571,-0.414797412,FL,Florida,12,"State Senate District 36 (2012), Florida",0.88389824,36,31112037,-0.181352194,0.063628115,-0.315372967,-0.055795906,-0.159968814,FL,Florida,12,"State Senate District 37 (2012), Florida",0.501932018,37,37712038,-0.209897675,0.067769932,-0.329446899,-0.063313492,-0.174379733,FL,Florida,12,"State Senate District 38 (2012), Florida",0.525614166,38,31312039,-0.434989947,0.081518108,-0.588282545,-0.269528331,-0.345722079,FL,Florida,12,"State Senate District 39 (2012), Florida",0.727083817,39,24412040,-0.295987126,0.069417662,-0.441335643,-0.161054745,-0.286520056,FL,Florida,12,"State Senate District 40 (2012), Florida",0.500066863,40,31013001,0.075941731,0.11139662,-0.135990846,0.29433012,-0.014166372,GA,Georgia,13,"State Senate District 1 (2012), Georgia",0.370684932,1,12513002,-0.187127692,0.106655792,-0.416407759,0.02400967,-0.192012634,GA,Georgia,13,"State Senate District 2 (2012), Georgia",0.725627857,2,10813003,0.328684365,0.103205163,0.127256,0.522193589,0.379824518,GA,Georgia,13,"State Senate District 3 (2012), Georgia",0.35468289,3,14813004,0.341824246,0.135816843,0.083758897,0.618974657,0.516622195,GA,Georgia,13,"State Senate District 4 (2012), Georgia",0.334571054,4,7413005,-0.065263803,0.107118678,-0.272426481,0.13857362,-0.001576608,GA,Georgia,13,"State Senate District 5 (2012), Georgia",0.695742053,5,11313006,0.108353277,0.106361325,-0.107965457,0.306877817,0.072509086,GA,Georgia,13,"State Senate District 6 (2012), Georgia",0.4627436,6,12513007,0.305107335,0.117421209,0.084636133,0.528159942,0.382167591,GA,Georgia,13,"State Senate District 7 (2012), Georgia",0.292254241,7,8513008,0.009579662,0.112353187,-0.200231506,0.233790882,-0.081177394,GA,Georgia,13,"State Senate District 8 (2012), Georgia",0.421037234,8,9513009,0.135070296,0.099575604,-0.046361383,0.338060871,0.062797777,GA,Georgia,13,"State Senate District 9 (2012), Georgia",0.355556977,9,16313010,-0.352481246,0.091104534,-0.535061209,-0.180888842,-0.458359673,GA,Georgia,13,"State Senate District 10 (2012), Georgia",0.79036793,10,20113011,0.302089422,0.125829465,0.064611553,0.547936045,0.458157555,GA,Georgia,13,"State Senate District 11 (2012), Georgia",0.392192989,11,8013012,0.153898495,0.117862071,-0.055219289,0.384869799,0.307949779,GA,Georgia,13,"State Senate District 12 (2012), Georgia",0.649144981,12,10813013,0.078026637,0.121328513,-0.165925863,0.313273183,0.147708482,GA,Georgia,13,"State Senate District 13 (2012), Georgia",0.348665965,13,8213014,0.39186459,0.102436202,0.203320367,0.595327928,0.475208942,GA,Georgia,13,"State Senate District 14 (2012), Georgia",0.248065277,14,14313015,-0.013153349,0.113293235,-0.231898905,0.219829074,0.050675332,GA,Georgia,13,"State Senate District 15 (2012), Georgia",0.728488077,15,9713016,0.321099455,0.105981918,0.103085426,0.517798046,0.447587401,GA,Georgia,13,"State Senate District 16 (2012), Georgia",0.297054881,16,13613017,0.150197471,0.103000663,-0.033790442,0.34877394,0.108966689,GA,Georgia,13,"State Senate District 17 (2012), Georgia",0.389159129,17,15013018,0.36493099,0.089441527,0.197381525,0.549678921,0.496405194,GA,Georgia,13,"State Senate District 18 (2012), Georgia",0.378073463,18,16113019,0.125241221,0.136106851,-0.136177934,0.38018417,0.010362607,GA,Georgia,13,"State Senate District 19 (2012), Georgia",0.324375581,19,7413020,0.238933863,0.110784838,0.011910221,0.467081586,0.256562934,GA,Georgia,13,"State Senate District 20 (2012), Georgia",0.355105074,20,13113021,0.228421849,0.098158088,0.039874965,0.412914708,0.283719351,GA,Georgia,13,"State Senate District 21 (2012), Georgia",0.227774959,21,17513022,-0.223658936,0.091754398,-0.398616643,-0.04408434,-0.283703479,GA,Georgia,13,"State Senate District 22 (2012), Georgia",0.7218509,22,14313023,0.206921942,0.11302329,-0.030620694,0.413959036,0.297846328,GA,Georgia,13,"State Senate District 23 (2012), Georgia",0.432801854,23,11213024,0.480613701,0.108434924,0.266825495,0.686417336,0.589011162,GA,Georgia,13,"State Senate District 24 (2012), Georgia",0.309854502,24,10913025,0.205592657,0.118981281,-0.014470375,0.444753505,0.336933425,GA,Georgia,13,"State Senate District 25 (2012), Georgia",0.368938124,25,10513026,-0.159120136,0.100216417,-0.377491122,0.031084516,-0.134804298,GA,Georgia,13,"State Senate District 26 (2012), Georgia",0.704043127,26,13713027,0.638371921,0.104527547,0.446622426,0.84539201,0.785469032,GA,Georgia,13,"State Senate District 27 (2012), Georgia",0.181683547,27,12113028,0.310207892,0.116688076,0.088753068,0.554393972,0.29905561,GA,Georgia,13,"State Senate District 28 (2012), Georgia",0.273899281,28,10513029,0.24286967,0.108309239,0.038998093,0.461122341,0.319316674,GA,Georgia,13,"State Senate District 29 (2012), Georgia",0.370960905,29,12813030,0.286087778,0.102113035,0.095989598,0.49490266,0.365115861,GA,Georgia,13,"State Senate District 30 (2012), Georgia",0.314906573,30,12813031,0.381427941,0.112611516,0.149099979,0.583559322,0.477441463,GA,Georgia,13,"State Senate District 31 (2012), Georgia",0.256806692,31,11513032,0.145948882,0.088893879,-0.04104328,0.320250293,0.142113777,GA,Georgia,13,"State Senate District 32 (2012), Georgia",0.320745227,32,19413033,0.145023005,0.092826363,-0.039972457,0.318889681,0.228975784,GA,Georgia,13,"State Senate District 33 (2012), Georgia",0.585352581,33,16413034,-0.328468961,0.097967325,-0.528763923,-0.14412659,-0.453409105,GA,Georgia,13,"State Senate District 34 (2012), Georgia",0.795956025,34,16113035,-0.093769085,0.097673291,-0.274760968,0.098431391,-0.203298096,GA,Georgia,13,"State Senate District 35 (2012), Georgia",0.746958537,35,16213036,-0.659120051,0.085331724,-0.832780926,-0.492209957,-0.794716999,GA,Georgia,13,"State Senate District 36 (2012), Georgia",0.871573358,36,18013037,0.227520309,0.099388896,0.015562324,0.419044415,0.260136112,GA,Georgia,13,"State Senate District 37 (2012), Georgia",0.323456912,37,15913038,-0.415325283,0.097955652,-0.620918487,-0.230744188,-0.637149417,GA,Georgia,13,"State Senate District 38 (2012), Georgia",0.791065958,38,14613039,-0.562319831,0.085640127,-0.722241634,-0.394403419,-0.667921731,GA,Georgia,13,"State Senate District 39 (2012), Georgia",0.842725487,39,18013040,-0.326783423,0.102470442,-0.537072168,-0.132723013,-0.379025679,GA,Georgia,13,"State Senate District 40 (2012), Georgia",0.448430684,40,14213041,-0.301470113,0.098313473,-0.483474287,-0.101880697,-0.365142527,GA,Georgia,13,"State Senate District 41 (2012), Georgia",0.757583222,41,18513042,-0.598757837,0.097970985,-0.77991042,-0.402489784,-0.700662185,GA,Georgia,13,"State Senate District 42 (2012), Georgia",0.727877367,42,16313043,-0.151940107,0.09492162,-0.316600638,0.035326926,-0.200020685,GA,Georgia,13,"State Senate District 43 (2012), Georgia",0.719307393,43,16513044,-0.390937838,0.099044343,-0.597515239,-0.197368297,-0.401022889,GA,Georgia,13,"State Senate District 44 (2012), Georgia",0.859892545,44,17113045,0.41530384,0.102571374,0.21887507,0.624871688,0.478392731,GA,Georgia,13,"State Senate District 45 (2012), Georgia",0.317591666,45,14613046,-0.002016143,0.102392117,-0.196493194,0.209824953,-0.077879966,GA,Georgia,13,"State Senate District 46 (2012), Georgia",0.366420725,46,12413047,0.307130627,0.101901023,0.117834817,0.505561894,0.388849834,GA,Georgia,13,"State Senate District 47 (2012), Georgia",0.328408717,47,15513048,0.046774813,0.102125119,-0.142702472,0.243042384,0.044104254,GA,Georgia,13,"State Senate District 48 (2012), Georgia",0.421473171,48,13813049,0.46475072,0.122817692,0.246610763,0.725097504,0.664634436,GA,Georgia,13,"State Senate District 49 (2012), Georgia",0.212415361,49,10813050,0.769118883,0.102007184,0.572589094,0.986823912,0.845741252,GA,Georgia,13,"State Senate District 50 (2012), Georgia",0.188318037,50,13813051,0.486845189,0.095636301,0.299434892,0.679200291,0.593417139,GA,Georgia,13,"State Senate District 51 (2012), Georgia",0.175093254,51,16813052,0.257479337,0.109551367,0.046794016,0.486018616,0.339253018,GA,Georgia,13,"State Senate District 52 (2012), Georgia",0.268884533,52,11613053,0.464181223,0.117602173,0.238790085,0.7037379,0.543845235,GA,Georgia,13,"State Senate District 53 (2012), Georgia",0.244027452,53,10813054,0.351293041,0.130472001,0.09058249,0.585488241,0.452932537,GA,Georgia,13,"State Senate District 54 (2012), Georgia",0.237035671,54,8513055,-0.251062127,0.094464752,-0.434987485,-0.066610501,-0.329791131,GA,Georgia,13,"State Senate District 55 (2012), Georgia",0.761489134,55,18213056,-0.103211283,0.093669476,-0.278495866,0.073425399,-0.048523695,GA,Georgia,13,"State Senate District 56 (2012), Georgia",0.380426351,56,15915001,-0.158310325,0.163026478,-0.483794177,0.167118241,-0.094578353,HI,Hawaii,15,"State Senate District 1 (2012), Hawaii",0.820790596,1,3415002,-0.100340185,0.174306173,-0.447515406,0.214144549,0.112694133,HI,Hawaii,15,"State Senate District 2 (2012), Hawaii",0.789878283,2,3215003,-0.505814977,0.144916648,-0.793013941,-0.210993173,-0.56091809,HI,Hawaii,15,"State Senate District 3 (2012), Hawaii",0.684419073,3,4915004,-0.569558084,0.174487061,-0.900772454,-0.242631218,-0.678739921,HI,Hawaii,15,"State Senate District 4 (2012), Hawaii",0.74582301,4,3115005,-0.356301713,0.189402207,-0.745728664,0.01194615,-0.368293347,HI,Hawaii,15,"State Senate District 5 (2012), Hawaii",0.803116883,5,2515006,-0.145621103,0.17548764,-0.46529637,0.179185068,0.29175992,HI,Hawaii,15,"State Senate District 6 (2012), Hawaii",0.673010503,6,2415007,-0.784290275,0.165615905,-1.099329123,-0.464488732,-1.145514993,HI,Hawaii,15,"State Senate District 7 (2012), Hawaii",0.782563083,7,3415008,-0.223566012,0.154477986,-0.540087116,0.086364667,-0.053751373,HI,Hawaii,15,"State Senate District 8 (2012), Hawaii",0.752874723,8,3515009,-0.466971146,0.157791794,-0.802341747,-0.173530728,-0.473348179,HI,Hawaii,15,"State Senate District 9 (2012), Hawaii",0.653682878,9,3815010,-0.306895109,0.162198598,-0.62105685,0.029046451,-0.297091061,HI,Hawaii,15,"State Senate District 10 (2012), Hawaii",0.765648344,10,3615011,-0.243050634,0.155190871,-0.564188443,0.055577476,-0.169376264,HI,Hawaii,15,"State Senate District 11 (2012), Hawaii",0.747130871,11,4215012,-0.584968026,0.166768739,-0.935763278,-0.237254753,-0.720367168,HI,Hawaii,15,"State Senate District 12 (2012), Hawaii",0.700263886,12,4415013,-0.479201298,0.170669602,-0.804438343,-0.140019652,-0.528683004,HI,Hawaii,15,"State Senate District 13 (2012), Hawaii",0.732023766,13,2615014,-0.379963978,0.197576499,-0.779471842,0.003832234,-0.811415005,HI,Hawaii,15,"State Senate District 14 (2012), Hawaii",0.746614301,14,1615015,-0.406562978,0.191951373,-0.805582346,-0.054705324,-0.520430719,HI,Hawaii,15,"State Senate District 15 (2012), Hawaii",0.711855061,15,2315016,-0.172761746,0.194015861,-0.558107776,0.189430195,-0.044804455,HI,Hawaii,15,"State Senate District 16 (2012), Hawaii",0.725142561,16,2715017,-0.199077342,0.191565818,-0.594892524,0.197260403,0.008123462,HI,Hawaii,15,"State Senate District 17 (2012), Hawaii",0.736237434,17,1815018,0.025632097,0.1822539,-0.338942051,0.345488718,0.259631615,HI,Hawaii,15,"State Senate District 18 (2012), Hawaii",0.676858148,18,2615019,-0.387188823,0.180129052,-0.741652716,0.002577662,-0.581567549,HI,Hawaii,15,"State Senate District 19 (2012), Hawaii",0.646035844,19,2715020,-0.139508782,0.180567304,-0.513020088,0.206159585,0.008989378,HI,Hawaii,15,"State Senate District 20 (2012), Hawaii",0.642619312,20,2415021,-0.008788559,0.190698168,-0.378988356,0.365767104,0.395359363,HI,Hawaii,15,"State Senate District 21 (2012), Hawaii",0.719561069,21,2115022,-0.265484813,0.200874263,-0.635508835,0.118983368,-0.336737963,HI,Hawaii,15,"State Senate District 22 (2012), Hawaii",0.68036992,22,1515023,-0.129102664,0.172962576,-0.461529421,0.204970987,-0.07149673,HI,Hawaii,15,"State Senate District 23 (2012), Hawaii",0.594173594,23,2215024,-0.228928829,0.154956543,-0.513271218,0.063698532,-0.084018187,HI,Hawaii,15,"State Senate District 24 (2012), Hawaii",0.696619731,24,4215025,-0.247168601,0.167073835,-0.573224036,0.076315337,-0.082107646,HI,Hawaii,15,"State Senate District 25 (2012), Hawaii",0.682498622,25,3716001,0.372937315,0.140588194,0.092026378,0.639041801,0.591110816,ID,Idaho,16,"State Senate District 1 (2012), Idaho",NA,1,6216002,0.385073023,0.141967315,0.10506687,0.648509303,0.603500343,ID,Idaho,16,"State Senate District 2 (2012), Idaho",NA,2,5716003,0.381196133,0.15534479,0.074681655,0.686206621,0.680730585,ID,Idaho,16,"State Senate District 3 (2012), Idaho",NA,3,4516004,0.210522072,0.145934664,-0.08659369,0.514318953,0.347103809,ID,Idaho,16,"State Senate District 4 (2012), Idaho",NA,4,4916005,0.117940266,0.161064212,-0.186244036,0.444919101,0.233898254,ID,Idaho,16,"State Senate District 5 (2012), Idaho",NA,5,4516006,0.439216599,0.15958355,0.130401492,0.732115549,0.808004263,ID,Idaho,16,"State Senate District 6 (2012), Idaho",NA,6,3916007,0.057345261,0.170624778,-0.272941728,0.394603303,0.13817805,ID,Idaho,16,"State Senate District 7 (2012), Idaho",NA,7,3016008,0.145871155,0.15899031,-0.161692363,0.458377736,0.322052876,ID,Idaho,16,"State Senate District 8 (2012), Idaho",NA,8,4516009,0.286497193,0.157117773,-0.005309671,0.594589306,0.474083175,ID,Idaho,16,"State Senate District 9 (2012), Idaho",NA,9,4016010,0.487317328,0.135261866,0.240959976,0.75029652,0.768145667,ID,Idaho,16,"State Senate District 10 (2012), Idaho",NA,10,5816011,0.476964362,0.155584183,0.158493484,0.783779489,0.72477771,ID,Idaho,16,"State Senate District 11 (2012), Idaho",NA,11,4116012,0.173519253,0.136852984,-0.099173004,0.42720897,0.318721855,ID,Idaho,16,"State Senate District 12 (2012), Idaho",NA,12,6616013,0.347532323,0.162706184,0.03580314,0.680415573,0.536821778,ID,Idaho,16,"State Senate District 13 (2012), Idaho",NA,13,4316014,0.394470731,0.153865691,0.093209227,0.694065368,0.770916264,ID,Idaho,16,"State Senate District 14 (2012), Idaho",NA,14,4216015,0.158546486,0.159330322,-0.164307287,0.462654271,0.336950606,ID,Idaho,16,"State Senate District 15 (2012), Idaho",NA,15,3616016,-0.091447597,0.147631469,-0.370575456,0.170555428,0.032274747,ID,Idaho,16,"State Senate District 16 (2012), Idaho",NA,16,5116017,-0.237493071,0.159614028,-0.545114757,0.074657638,-0.327482063,ID,Idaho,16,"State Senate District 17 (2012), Idaho",NA,17,3316018,0.001520001,0.169756663,-0.312643412,0.320304742,0.163556695,ID,Idaho,16,"State Senate District 18 (2012), Idaho",NA,18,2816019,-0.434813876,0.148914101,-0.733191126,-0.153351851,-0.553858703,ID,Idaho,16,"State Senate District 19 (2012), Idaho",NA,19,5516020,0.146889442,0.159531133,-0.17007194,0.433257974,0.317383195,ID,Idaho,16,"State Senate District 20 (2012), Idaho",NA,20,4016021,0.20960153,0.163613178,-0.068561337,0.53424577,0.597975095,ID,Idaho,16,"State Senate District 21 (2012), Idaho",NA,21,3716022,0.366474212,0.181997432,0.00338126,0.726883492,0.898866232,ID,Idaho,16,"State Senate District 22 (2012), Idaho",NA,22,3016023,0.239766859,0.171759965,-0.10961389,0.583596294,0.577637232,ID,Idaho,16,"State Senate District 23 (2012), Idaho",NA,23,3016024,0.244613731,0.145634654,-0.041343343,0.520031885,0.336595739,ID,Idaho,16,"State Senate District 24 (2012), Idaho",NA,24,4816025,0.355983217,0.155521793,0.063478528,0.651260717,0.510185649,ID,Idaho,16,"State Senate District 25 (2012), Idaho",NA,25,4116026,0.225503738,0.185329574,-0.138992685,0.565790693,0.527285797,ID,Idaho,16,"State Senate District 26 (2012), Idaho",NA,26,2016027,0.157491159,0.200530624,-0.246000352,0.547209105,0.361967376,ID,Idaho,16,"State Senate District 27 (2012), Idaho",NA,27,1616028,-0.021981621,0.177249114,-0.368880474,0.309044796,-0.06625631,ID,Idaho,16,"State Senate District 28 (2012), Idaho",NA,28,3116029,-0.061811127,0.182037671,-0.395326467,0.278899726,-0.213015115,ID,Idaho,16,"State Senate District 29 (2012), Idaho",NA,29,3216030,0.093996434,0.169776608,-0.253956575,0.418196752,0.3166558,ID,Idaho,16,"State Senate District 30 (2012), Idaho",NA,30,4016031,0.280301915,0.157487618,-0.02453571,0.591804079,0.590188576,ID,Idaho,16,"State Senate District 31 (2012), Idaho",NA,31,3716032,0.314905785,0.173275168,-0.042428329,0.637590547,0.585964556,ID,Idaho,16,"State Senate District 32 (2012), Idaho",NA,32,2916033,-0.117256919,0.153740665,-0.390783611,0.192036067,-0.071864844,ID,Idaho,16,"State Senate District 33 (2012), Idaho",NA,33,4416034,0.555550412,0.156060487,0.235532727,0.85616619,0.967965915,ID,Idaho,16,"State Senate District 34 (2012), Idaho",NA,34,4416035,0.379535524,0.169138939,0.067327496,0.702333041,0.808530599,ID,Idaho,16,"State Senate District 35 (2012), Idaho",NA,35,3117001,-0.250233678,0.109087507,-0.465055995,-0.040237537,-0.35433853,IL,Illinois,17,"State Senate District 1 (2012), Illinois",0.844183727,1,10817002,-0.600527521,0.112771474,-0.813290853,-0.387951481,-0.729281449,IL,Illinois,17,"State Senate District 2 (2012), Illinois",0.851943856,2,12917003,-0.749606799,0.0911349,-0.929033893,-0.565271677,-0.857593545,IL,Illinois,17,"State Senate District 3 (2012), Illinois",0.875136079,3,16617004,-0.607176487,0.096264,-0.787091874,-0.421665522,-0.624516906,IL,Illinois,17,"State Senate District 4 (2012), Illinois",0.837537902,4,16917005,-0.706488141,0.105855174,-0.913907961,-0.485116557,-0.765606437,IL,Illinois,17,"State Senate District 5 (2012), Illinois",0.893529587,5,12517006,-0.934955075,0.085346174,-1.108496475,-0.766174406,-1.081421241,IL,Illinois,17,"State Senate District 6 (2012), Illinois",0.736027179,6,21417007,-0.95735383,0.082141527,-1.114406326,-0.787756266,-1.053848647,IL,Illinois,17,"State Senate District 7 (2012), Illinois",0.871154984,7,22617008,-0.637984687,0.095999825,-0.84094964,-0.456795109,-0.767041546,IL,Illinois,17,"State Senate District 8 (2012), Illinois",0.649571736,8,15817009,-0.711502973,0.091302052,-0.899587945,-0.544147866,-0.80239048,IL,Illinois,17,"State Senate District 9 (2012), Illinois",0.651272019,9,19017010,-0.342536064,0.101535054,-0.538644021,-0.118229526,-0.382878404,IL,Illinois,17,"State Senate District 10 (2012), Illinois",0.588042703,10,14017011,-0.311805318,0.122510113,-0.546518726,-0.077967875,-0.304079564,IL,Illinois,17,"State Senate District 11 (2012), Illinois",0.739785032,11,10017012,-0.295181866,0.115813765,-0.525389749,-0.071637152,-0.269117994,IL,Illinois,17,"State Senate District 12 (2012), Illinois",0.732880171,12,10817013,-0.637224968,0.081262872,-0.798024215,-0.495246785,-0.835763263,IL,Illinois,17,"State Senate District 13 (2012), Illinois",0.898763972,13,22517014,-0.482489187,0.082420974,-0.642078694,-0.319409386,-0.513142244,IL,Illinois,17,"State Senate District 14 (2012), Illinois",0.812741604,14,21817015,-0.442774121,0.102319201,-0.643847115,-0.235520864,-0.414568815,IL,Illinois,17,"State Senate District 15 (2012), Illinois",0.838906918,15,16517016,-0.403692108,0.082688495,-0.554837748,-0.243596508,-0.480217155,IL,Illinois,17,"State Senate District 16 (2012), Illinois",0.851707018,16,19517017,-0.494351079,0.083612036,-0.671903977,-0.332887647,-0.578518753,IL,Illinois,17,"State Senate District 17 (2012), Illinois",0.843091059,17,21617018,-0.122474063,0.094550149,-0.306203809,0.059187691,-0.112392823,IL,Illinois,17,"State Senate District 18 (2012), Illinois",0.575316372,18,18117019,-0.068010474,0.086516591,-0.237342307,0.101097803,-0.096240518,IL,Illinois,17,"State Senate District 19 (2012), Illinois",0.599536747,19,20017020,-0.676441837,0.098689045,-0.866805093,-0.488329071,-0.758302794,IL,Illinois,17,"State Senate District 20 (2012), Illinois",0.84438435,20,14917021,-0.014382994,0.088359461,-0.173467955,0.174107297,0.07609938,IL,Illinois,17,"State Senate District 21 (2012), Illinois",0.469919383,21,18717022,-0.370745984,0.096139132,-0.551797787,-0.182789088,-0.381329015,IL,Illinois,17,"State Senate District 22 (2012), Illinois",0.648589403,22,16817023,-0.065835534,0.099102954,-0.256843874,0.136674115,-0.019922137,IL,Illinois,17,"State Senate District 23 (2012), Illinois",0.536271303,23,15117024,-0.101292711,0.098081677,-0.29401847,0.084065959,-0.042472582,IL,Illinois,17,"State Senate District 24 (2012), Illinois",0.469094642,24,15317025,0.006190124,0.091184612,-0.177438638,0.169297905,0.135707872,IL,Illinois,17,"State Senate District 25 (2012), Illinois",0.458745301,25,19617026,-0.117651909,0.097645604,-0.308861393,0.061562809,-0.099941037,IL,Illinois,17,"State Senate District 26 (2012), Illinois",0.436537492,26,16017027,-0.01796642,0.09290741,-0.192864953,0.169317593,0.024715999,IL,Illinois,17,"State Senate District 27 (2012), Illinois",0.494335894,27,18217028,-0.193952371,0.084034496,-0.354844666,-0.041690105,-0.164775317,IL,Illinois,17,"State Senate District 28 (2012), Illinois",0.56416969,28,20617029,-0.308254711,0.091238211,-0.480263358,-0.129996398,-0.217943937,IL,Illinois,17,"State Senate District 29 (2012), Illinois",0.578036639,29,19517030,-0.392170639,0.093400091,-0.573593095,-0.202717243,-0.329623693,IL,Illinois,17,"State Senate District 30 (2012), Illinois",0.668495014,30,17017031,-0.098686906,0.087973258,-0.266206661,0.06309234,0.012644646,IL,Illinois,17,"State Senate District 31 (2012), Illinois",0.534834314,31,21117032,-0.279141611,0.09295292,-0.454598883,-0.104021009,-0.243325584,IL,Illinois,17,"State Senate District 32 (2012), Illinois",0.45444471,32,17517033,-0.068414366,0.093234778,-0.252810752,0.110625482,-0.018782481,IL,Illinois,17,"State Senate District 33 (2012), Illinois",0.454284059,33,18117034,-0.049785678,0.096176694,-0.242554286,0.148372555,0.038228269,IL,Illinois,17,"State Senate District 34 (2012), Illinois",0.578510636,34,15317035,-0.200845063,0.097468386,-0.407568363,-0.015633885,-0.154975176,IL,Illinois,17,"State Senate District 35 (2012), Illinois",0.470275351,35,15117036,0.09960978,0.093673908,-0.072483749,0.27251199,0.184817842,IL,Illinois,17,"State Senate District 36 (2012), Illinois",0.604457001,36,18217037,0.049300025,0.099773619,-0.143840255,0.225848623,0.062660477,IL,Illinois,17,"State Senate District 37 (2012), Illinois",0.448337749,37,14517038,0.247752681,0.089327947,0.071733219,0.422084414,0.43253383,IL,Illinois,17,"State Senate District 38 (2012), Illinois",0.486906392,38,18017039,-0.58108324,0.101864757,-0.778122291,-0.387830284,-0.624139665,IL,Illinois,17,"State Senate District 39 (2012), Illinois",0.760879348,39,13017040,-0.186175806,0.095872728,-0.372897916,-0.001254265,-0.128556684,IL,Illinois,17,"State Senate District 40 (2012), Illinois",0.585268894,40,16317041,-0.3495414,0.093830845,-0.529140984,-0.161890095,-0.30624456,IL,Illinois,17,"State Senate District 41 (2012), Illinois",0.462067075,41,17317042,-0.379975044,0.100649417,-0.583638017,-0.191030562,-0.344230826,IL,Illinois,17,"State Senate District 42 (2012), Illinois",0.645195838,42,14317043,-0.137168631,0.087966837,-0.309345347,0.02495584,-0.075712311,IL,Illinois,17,"State Senate District 43 (2012), Illinois",0.654673383,43,20017044,0.1828426,0.102902443,-0.022315372,0.377307967,0.286738933,IL,Illinois,17,"State Senate District 44 (2012), Illinois",0.393773804,44,14817045,-0.055172662,0.093888978,-0.231664987,0.132562363,0.060108248,IL,Illinois,17,"State Senate District 45 (2012), Illinois",0.453245725,45,16817046,-0.056874184,0.087820073,-0.229922984,0.131739717,0.032466144,IL,Illinois,17,"State Senate District 46 (2012), Illinois",0.57913965,46,18817047,0.004322179,0.10237487,-0.21721697,0.193396312,0.132782873,IL,Illinois,17,"State Senate District 47 (2012), Illinois",0.438315934,47,14417048,0.097990981,0.092483124,-0.093231492,0.277881391,0.237757347,IL,Illinois,17,"State Senate District 48 (2012), Illinois",0.513592547,48,18617049,0.054416834,0.097968473,-0.140232,0.241315533,0.153285406,IL,Illinois,17,"State Senate District 49 (2012), Illinois",0.537018552,49,18217050,0.010966929,0.099921995,-0.179048389,0.196402715,0.108153688,IL,Illinois,17,"State Senate District 50 (2012), Illinois",0.403800382,50,15317051,0.371899429,0.089579695,0.204827954,0.55069002,0.512860093,IL,Illinois,17,"State Senate District 51 (2012), Illinois",0.342841541,51,18117052,-0.178903965,0.097214394,-0.365273103,0.002942112,-0.193387817,IL,Illinois,17,"State Senate District 52 (2012), Illinois",0.573353744,52,16517053,0.039205265,0.10502336,-0.174037131,0.249115358,0.131370983,IL,Illinois,17,"State Senate District 53 (2012), Illinois",0.360785953,53,15017054,-0.071224853,0.105654586,-0.274690024,0.137342179,-0.004214499,IL,Illinois,17,"State Senate District 54 (2012), Illinois",0.348732278,54,14017055,0.134775444,0.099775665,-0.042166562,0.335087103,0.262156735,IL,Illinois,17,"State Senate District 55 (2012), Illinois",0.330115002,55,13417056,0.001358244,0.095113196,-0.187100489,0.19285477,0.129009119,IL,Illinois,17,"State Senate District 56 (2012), Illinois",0.513010523,56,17717057,-0.054775612,0.107178231,-0.256142315,0.155562899,-0.035023036,IL,Illinois,17,"State Senate District 57 (2012), Illinois",0.623108754,57,12217058,0.20465282,0.100533718,0.017847487,0.397352281,0.261764385,IL,Illinois,17,"State Senate District 58 (2012), Illinois",0.432089576,58,14917059,0.16892635,0.100695128,-0.028240647,0.345777606,0.243212582,IL,Illinois,17,"State Senate District 59 (2012), Illinois",0.397086059,59,14018001,-0.014064607,0.09511596,-0.195686917,0.164451023,-0.070542679,IN,Indiana,18,"State Senate District 1 (2012), Indiana",0.557072119,1,12718002,-0.431080228,0.112861317,-0.643605738,-0.230006411,-0.546939865,IN,Indiana,18,"State Senate District 2 (2012), Indiana",0.812423008,2,10818003,-0.446648252,0.119121869,-0.670704287,-0.209946252,-0.519179973,IN,Indiana,18,"State Senate District 3 (2012), Indiana",0.840474271,3,10018004,-0.20918869,0.119035951,-0.434356917,0.022333648,-0.154051817,IN,Indiana,18,"State Senate District 4 (2012), Indiana",0.589501992,4,10018005,0.02985107,0.106619128,-0.186857137,0.230402268,0.064487156,IN,Indiana,18,"State Senate District 5 (2012), Indiana",0.439974768,5,11018006,0.258568798,0.106014904,0.064894369,0.461538376,0.42778004,IN,Indiana,18,"State Senate District 6 (2012), Indiana",0.415824679,6,11818007,0.16920971,0.121761684,-0.07926118,0.412815132,0.330722526,IN,Indiana,18,"State Senate District 7 (2012), Indiana",0.383311293,7,9618008,0.027168182,0.109001194,-0.182652142,0.245017882,0.047055692,IN,Indiana,18,"State Senate District 8 (2012), Indiana",0.494174003,8,11318009,0.429051394,0.114885182,0.20511475,0.67432052,0.653993673,IN,Indiana,18,"State Senate District 9 (2012), Indiana",0.286414523,9,11218010,-0.186858021,0.101055863,-0.395587575,0.003205228,-0.115734279,IN,Indiana,18,"State Senate District 10 (2012), Indiana",0.64950181,10,14818011,-0.039543909,0.112927812,-0.248204341,0.17321224,0.064400184,IN,Indiana,18,"State Senate District 11 (2012), Indiana",0.422756793,11,10518012,0.395465902,0.115950044,0.170747235,0.607818151,0.578561024,IN,Indiana,18,"State Senate District 12 (2012), Indiana",0.345927772,12,9318013,0.274939485,0.12320613,0.050252669,0.510628842,0.351749586,IN,Indiana,18,"State Senate District 13 (2012), Indiana",0.339891452,13,8818014,0.089322514,0.108452979,-0.132794398,0.28475479,0.174004985,IN,Indiana,18,"State Senate District 14 (2012), Indiana",0.356931503,14,12618015,-0.227960848,0.100245036,-0.403463119,-0.019810498,-0.062695127,IN,Indiana,18,"State Senate District 15 (2012), Indiana",0.459417832,15,12818016,0.147898813,0.114063503,-0.063281364,0.363700984,0.330374127,IN,Indiana,18,"State Senate District 16 (2012), Indiana",0.41021439,16,10518017,0.087097089,0.119529095,-0.128600343,0.335179868,0.142220652,IN,Indiana,18,"State Senate District 17 (2012), Indiana",0.334276313,17,10218018,0.153763846,0.110593561,-0.070936982,0.362402397,0.201735028,IN,Indiana,18,"State Senate District 18 (2012), Indiana",0.343814522,18,9718019,0.419556628,0.113938283,0.195143396,0.62791832,0.545605114,IN,Indiana,18,"State Senate District 19 (2012), Indiana",0.323410975,19,9618020,0.468068572,0.109978774,0.256875609,0.688642775,0.653808672,IN,Indiana,18,"State Senate District 20 (2012), Indiana",0.311216682,20,10918021,0.189956502,0.103192454,-0.021466589,0.402578817,0.313210676,IN,Indiana,18,"State Senate District 21 (2012), Indiana",0.389716676,21,12318022,-0.239219771,0.120426036,-0.491759601,-0.029440384,-0.289002551,IN,Indiana,18,"State Senate District 22 (2012), Indiana",0.484388916,22,8418023,0.166365597,0.123515289,-0.077959621,0.412739836,0.288063809,IN,Indiana,18,"State Senate District 23 (2012), Indiana",0.336746952,23,7718024,0.510890302,0.116406041,0.295612375,0.7293899,0.679504757,IN,Indiana,18,"State Senate District 24 (2012), Indiana",0.324294792,24,11218025,-0.003285999,0.118142541,-0.236502421,0.23642165,0.014382382,IN,Indiana,18,"State Senate District 25 (2012), Indiana",0.57877953,25,9618026,0.27957716,0.127404068,0.040026091,0.525100162,0.427854969,IN,Indiana,18,"State Senate District 26 (2012), Indiana",0.413210845,26,8218027,0.197036872,0.108052336,-0.00374699,0.395860039,0.22450159,IN,Indiana,18,"State Senate District 27 (2012), Indiana",0.369911292,27,12118028,-0.099095215,0.101623095,-0.301237146,0.097159668,-0.132408384,IN,Indiana,18,"State Senate District 28 (2012), Indiana",0.391422688,28,15418029,-0.170244316,0.108748766,-0.388022945,0.036497374,-0.204647758,IN,Indiana,18,"State Senate District 29 (2012), Indiana",0.492519607,29,12018030,-0.145759921,0.112012057,-0.362757607,0.071877163,-0.193329223,IN,Indiana,18,"State Senate District 30 (2012), Indiana",0.498103576,30,10618031,0.007410945,0.119368225,-0.211834122,0.239379226,0.064357945,IN,Indiana,18,"State Senate District 31 (2012), Indiana",0.429567598,31,11118032,0.23489755,0.108791502,0.019866672,0.453323,0.368187976,IN,Indiana,18,"State Senate District 32 (2012), Indiana",0.42019774,32,10418033,-0.357794621,0.101875536,-0.544560484,-0.166298812,-0.335815506,IN,Indiana,18,"State Senate District 33 (2012), Indiana",0.859452571,33,13918034,-0.597089162,0.11486556,-0.835015333,-0.370907428,-0.590495412,IN,Indiana,18,"State Senate District 34 (2012), Indiana",0.867856785,34,11518035,0.110629234,0.113977915,-0.100634793,0.332041656,0.241827436,IN,Indiana,18,"State Senate District 35 (2012), Indiana",0.436514981,35,10918036,-0.023892379,0.114587267,-0.250237777,0.211373408,-0.0347339,IN,Indiana,18,"State Senate District 36 (2012), Indiana",0.434772124,36,10418037,0.149483095,0.115280266,-0.062143408,0.386200026,0.15816218,IN,Indiana,18,"State Senate District 37 (2012), Indiana",0.288117148,37,9818038,0.096478159,0.112968091,-0.126483601,0.312207493,0.100787375,IN,Indiana,18,"State Senate District 38 (2012), Indiana",0.480581697,38,10918039,0.206641664,0.129332825,-0.049833775,0.456783003,0.286044794,IN,Indiana,18,"State Senate District 39 (2012), Indiana",0.324713355,39,7018040,-0.435922749,0.108274596,-0.655404608,-0.220025616,-0.511337744,IN,Indiana,18,"State Senate District 40 (2012), Indiana",0.607317258,40,11318041,0.072548687,0.097002711,-0.113226719,0.266721466,0.19264475,IN,Indiana,18,"State Senate District 41 (2012), Indiana",0.343583715,41,14318042,0.356638772,0.131017833,0.092716733,0.594793486,0.49550321,IN,Indiana,18,"State Senate District 42 (2012), Indiana",0.365227634,42,7618043,0.469644398,0.126818736,0.217280606,0.701812856,0.581322406,IN,Indiana,18,"State Senate District 43 (2012), Indiana",0.330354507,43,8718044,0.252795281,0.138432045,-0.016039255,0.527518123,0.388444611,IN,Indiana,18,"State Senate District 44 (2012), Indiana",0.362577872,44,7018045,0.158492324,0.124310606,-0.098379843,0.40211818,0.262338668,IN,Indiana,18,"State Senate District 45 (2012), Indiana",0.415412139,45,7918046,-0.216235153,0.107404502,-0.411335647,0.003894627,-0.154429615,IN,Indiana,18,"State Senate District 46 (2012), Indiana",0.46724369,46,11118047,0.281044151,0.108899777,0.065321368,0.490850939,0.311160376,IN,Indiana,18,"State Senate District 47 (2012), Indiana",0.41609892,47,10318048,0.291083096,0.1381345,0.014744389,0.551221901,0.412760411,IN,Indiana,18,"State Senate District 48 (2012), Indiana",0.376478259,48,7318049,0.369928658,0.126729443,0.126888414,0.642665786,0.465631211,IN,Indiana,18,"State Senate District 49 (2012), Indiana",0.391483135,49,8218050,0.03699222,0.110423348,-0.174858594,0.242800355,0.126150089,IN,Indiana,18,"State Senate District 50 (2012), Indiana",0.431432414,50,12119001,0.423100126,0.152303736,0.120487847,0.722142453,0.687405527,IA,Iowa,19,"State Senate District 1 (2012), Iowa",0.365733517,1,4419002,0.410070582,0.129527258,0.159143028,0.66628527,0.654186191,IA,Iowa,19,"State Senate District 2 (2012), Iowa",0.238743085,2,6919003,0.152736287,0.154400558,-0.15326206,0.454867815,0.335421919,IA,Iowa,19,"State Senate District 3 (2012), Iowa",0.391142719,3,4219004,0.158897671,0.148219009,-0.117886931,0.457502304,0.291818508,IA,Iowa,19,"State Senate District 4 (2012), Iowa",0.455052042,4,4619005,-0.074275466,0.164601419,-0.394283471,0.277051041,-0.094429355,IA,Iowa,19,"State Senate District 5 (2012), Iowa",0.473367841,5,3619006,0.258408391,0.155443848,-0.075305247,0.565264634,0.486957088,IA,Iowa,19,"State Senate District 6 (2012), Iowa",0.450190584,6,3919007,0.141395774,0.134566188,-0.114261537,0.405755555,0.274597819,IA,Iowa,19,"State Senate District 7 (2012), Iowa",0.57507591,7,5719008,0.106695956,0.146502105,-0.161827862,0.381812789,0.224113321,IA,Iowa,19,"State Senate District 8 (2012), Iowa",0.5528842,8,5419009,0.331638247,0.136777668,0.085111647,0.60139327,0.645626156,IA,Iowa,19,"State Senate District 9 (2012), Iowa",0.420118139,9,5119010,0.300866549,0.171765547,-0.045207027,0.628052812,0.639296558,IA,Iowa,19,"State Senate District 10 (2012), Iowa",0.450143594,10,4319011,0.429388949,0.160358379,0.079564014,0.747995856,0.677745107,IA,Iowa,19,"State Senate District 11 (2012), Iowa",0.411110769,11,4819012,-0.024891802,0.154530187,-0.344648398,0.289094136,0.031320877,IA,Iowa,19,"State Senate District 12 (2012), Iowa",0.408753921,12,4319013,0.335667277,0.143233663,0.067304273,0.608298178,0.574037106,IA,Iowa,19,"State Senate District 13 (2012), Iowa",0.479023896,13,5919014,0.117438506,0.155904924,-0.176861937,0.431292311,0.131047779,IA,Iowa,19,"State Senate District 14 (2012), Iowa",0.479884054,14,4419015,0.029444596,0.149440076,-0.265353529,0.31074548,0.107293316,IA,Iowa,19,"State Senate District 15 (2012), Iowa",0.524770089,15,4619016,0.060296759,0.170343482,-0.277084963,0.393945543,0.264701384,IA,Iowa,19,"State Senate District 16 (2012), Iowa",0.678169098,16,3519017,-0.083385623,0.133771752,-0.349971452,0.1777632,0.020734837,IA,Iowa,19,"State Senate District 17 (2012), Iowa",0.688176929,17,6219018,-0.326086156,0.133015085,-0.588227407,-0.050408054,-0.421774602,IA,Iowa,19,"State Senate District 18 (2012), Iowa",0.707489771,18,7519019,0.22875093,0.132236246,-0.031746711,0.459054275,0.430937995,IA,Iowa,19,"State Senate District 19 (2012), Iowa",0.467837591,19,6419020,0.213011334,0.143854163,-0.058848749,0.489019169,0.49158724,IA,Iowa,19,"State Senate District 20 (2012), Iowa",0.466160899,20,5219021,-0.368529669,0.134191889,-0.616820817,-0.113721503,-0.395423378,IA,Iowa,19,"State Senate District 21 (2012), Iowa",0.597891948,21,7019022,0.100763302,0.141603043,-0.178921857,0.380934572,0.260756771,IA,Iowa,19,"State Senate District 22 (2012), Iowa",0.469733922,22,6519023,-0.480331468,0.127563781,-0.726709538,-0.205756404,-0.578336759,IA,Iowa,19,"State Senate District 23 (2012), Iowa",0.616879235,23,7119024,0.038676427,0.166103237,-0.294298162,0.354225205,0.183901523,IA,Iowa,19,"State Senate District 24 (2012), Iowa",0.508145559,24,4619025,0.020983827,0.14578169,-0.256687297,0.290491898,0.076880715,IA,Iowa,19,"State Senate District 25 (2012), Iowa",0.453437608,25,5619026,0.135291523,0.147206597,-0.123106294,0.417591034,0.27552072,IA,Iowa,19,"State Senate District 26 (2012), Iowa",0.562964159,26,5519027,-0.162251001,0.153887795,-0.45562224,0.142837779,-0.178229644,IA,Iowa,19,"State Senate District 27 (2012), Iowa",0.53548739,27,5019028,0.084868861,0.171368721,-0.27117186,0.407570967,0.203922964,IA,Iowa,19,"State Senate District 28 (2012), Iowa",0.543802639,28,3019029,-0.066216815,0.15436621,-0.366096325,0.217385453,-0.023635577,IA,Iowa,19,"State Senate District 29 (2012), Iowa",0.527310797,29,5519030,-0.064234186,0.136958454,-0.346628216,0.194366809,-0.044045009,IA,Iowa,19,"State Senate District 30 (2012), Iowa",0.537207084,30,6419031,-0.129592228,0.140239795,-0.394205398,0.135512888,-0.05084966,IA,Iowa,19,"State Senate District 31 (2012), Iowa",0.706675929,31,5819032,-0.052955284,0.15134584,-0.35010165,0.23577058,-0.028867503,IA,Iowa,19,"State Senate District 32 (2012), Iowa",0.542827331,32,5219033,-0.379503556,0.124268903,-0.618959382,-0.141232689,-0.352918865,IA,Iowa,19,"State Senate District 33 (2012), Iowa",0.628989804,33,7419034,0.028238434,0.132914086,-0.231437284,0.29460478,0.252517043,IA,Iowa,19,"State Senate District 34 (2012), Iowa",0.525398335,34,7619035,-0.013213903,0.130975592,-0.261448347,0.234045419,0.19857185,IA,Iowa,19,"State Senate District 35 (2012), Iowa",0.652685614,35,5919036,-0.036893275,0.166650016,-0.364159689,0.287965542,0.112094839,IA,Iowa,19,"State Senate District 36 (2012), Iowa",0.541525395,36,4319037,-0.461129454,0.132602031,-0.722004739,-0.203366933,-0.612407125,IA,Iowa,19,"State Senate District 37 (2012), Iowa",0.615188552,37,6019038,0.039303226,0.148406438,-0.242726564,0.349115933,0.173287969,IA,Iowa,19,"State Senate District 38 (2012), Iowa",0.506657171,38,4919039,-0.397791451,0.155111982,-0.688934349,-0.104366808,-0.63998273,IA,Iowa,19,"State Senate District 39 (2012), Iowa",0.536495897,39,4619040,0.156265471,0.15103712,-0.13560081,0.442740015,0.323137509,IA,Iowa,19,"State Senate District 40 (2012), Iowa",0.408744043,40,4919041,0.047978001,0.147466376,-0.235224967,0.31927065,0.087163216,IA,Iowa,19,"State Senate District 41 (2012), Iowa",0.540223178,41,5919042,0.045420403,0.119718257,-0.201404942,0.276862745,0.141490423,IA,Iowa,19,"State Senate District 42 (2012), Iowa",0.533596838,42,8619043,-0.705837929,0.131776182,-0.964630345,-0.428067525,-0.895227801,IA,Iowa,19,"State Senate District 43 (2012), Iowa",0.739044332,43,7419044,0.153178699,0.150971785,-0.149894652,0.456491411,0.16183299,IA,Iowa,19,"State Senate District 44 (2012), Iowa",0.575937565,44,4519045,-0.163626707,0.133877694,-0.44321391,0.085470907,-0.163402113,IA,Iowa,19,"State Senate District 45 (2012), Iowa",0.686297314,45,6619046,-0.090345137,0.141917477,-0.374087985,0.181653337,-0.022179444,IA,Iowa,19,"State Senate District 46 (2012), Iowa",0.563219895,46,5719047,-0.169252174,0.149669088,-0.455535153,0.133023334,-0.150791421,IA,Iowa,19,"State Senate District 47 (2012), Iowa",0.511797967,47,5819048,0.113631628,0.149478698,-0.174903746,0.430719518,0.236235776,IA,Iowa,19,"State Senate District 48 (2012), Iowa",0.52578678,48,4519049,-0.133456784,0.162322157,-0.442803349,0.178141321,-0.175377098,IA,Iowa,19,"State Senate District 49 (2012), Iowa",0.581404855,49,3719050,-0.158352101,0.14966632,-0.469641613,0.113024377,-0.082708071,IA,Iowa,19,"State Senate District 50 (2012), Iowa",0.618612037,50,5420001,0.238318773,0.137290001,0.008036047,0.503836758,0.279544575,KS,Kansas,20,"State Senate District 1 (2012), Kansas",0.301527481,1,6220002,-0.309829881,0.120321344,-0.559455824,-0.089568892,-0.285170854,KS,Kansas,20,"State Senate District 2 (2012), Kansas",0.616587073,2,8620003,-0.230540576,0.136717144,-0.503849281,0.041680385,-0.30088533,KS,Kansas,20,"State Senate District 3 (2012), Kansas",0.476592749,3,7320004,-0.186511936,0.148169691,-0.4790738,0.101455897,-0.036269269,KS,Kansas,20,"State Senate District 4 (2012), Kansas",0.817599298,4,5820005,0.139707733,0.126016916,-0.094101073,0.388494623,0.25912466,KS,Kansas,20,"State Senate District 5 (2012), Kansas",0.45987642,5,9220006,-0.199428135,0.151416226,-0.499631717,0.070407032,-0.208195877,KS,Kansas,20,"State Senate District 6 (2012), Kansas",0.632192318,6,4720007,-0.26362797,0.135442891,-0.527916791,-0.00681965,-0.211754824,KS,Kansas,20,"State Senate District 7 (2012), Kansas",0.506009376,7,7720008,-0.000953953,0.14281055,-0.264598059,0.268761932,0.137930978,KS,Kansas,20,"State Senate District 8 (2012), Kansas",0.41942273,8,6420009,-0.225767857,0.143123196,-0.516268501,0.075687367,-0.179470179,KS,Kansas,20,"State Senate District 9 (2012), Kansas",0.385204082,9,5920010,0.036751283,0.131757999,-0.210709565,0.289163847,0.051206428,KS,Kansas,20,"State Senate District 10 (2012), Kansas",0.420649645,10,6520011,0.13887642,0.136108645,-0.107623412,0.415950973,0.21876041,KS,Kansas,20,"State Senate District 11 (2012), Kansas",0.351190476,11,6420012,0.226121532,0.142289328,-0.049086024,0.505815285,0.37491267,KS,Kansas,20,"State Senate District 12 (2012), Kansas",0.32945045,12,5820013,0.133050191,0.125588039,-0.121191416,0.381675582,0.179125013,KS,Kansas,20,"State Senate District 13 (2012), Kansas",0.414515308,13,8320014,0.222830949,0.118979913,-0.003445109,0.453329677,0.291564801,KS,Kansas,20,"State Senate District 14 (2012), Kansas",0.26090442,14,9320015,0.301568758,0.145163222,0.028261273,0.590639418,0.461306561,KS,Kansas,20,"State Senate District 15 (2012), Kansas",0.328666406,15,6120016,0.170198649,0.135552225,-0.085564962,0.436800547,0.314313548,KS,Kansas,20,"State Senate District 16 (2012), Kansas",0.2982006,16,6120017,-0.093095685,0.133736855,-0.350115254,0.1782956,-0.130926068,KS,Kansas,20,"State Senate District 17 (2012), Kansas",0.419111834,17,6520018,-0.241343686,0.129349205,-0.48292288,0.000410042,-0.309287091,KS,Kansas,20,"State Senate District 18 (2012), Kansas",0.460591133,18,7820019,0.086638306,0.140491342,-0.20687542,0.327157184,0.160658,KS,Kansas,20,"State Senate District 19 (2012), Kansas",0.498625834,19,5820020,0.033751484,0.124669254,-0.212548521,0.276078651,0.10325279,KS,Kansas,20,"State Senate District 20 (2012), Kansas",0.449862576,20,8820021,-0.206208359,0.129215953,-0.463982162,0.043787801,-0.167594938,KS,Kansas,20,"State Senate District 21 (2012), Kansas",0.458066639,21,8020022,-0.290008009,0.122111071,-0.536224065,-0.058597709,-0.350416329,KS,Kansas,20,"State Senate District 22 (2012), Kansas",0.401417092,22,8120023,-0.089217855,0.146032189,-0.379292821,0.187373279,-0.031862417,KS,Kansas,20,"State Senate District 23 (2012), Kansas",0.375993485,23,5520024,-0.114238227,0.14800113,-0.384404144,0.178516917,-0.108364456,KS,Kansas,20,"State Senate District 24 (2012), Kansas",0.318207388,24,6320025,-0.174095202,0.124989787,-0.408745962,0.082527321,-0.192198397,KS,Kansas,20,"State Senate District 25 (2012), Kansas",0.498241157,25,8320026,0.150356552,0.139957841,-0.111240851,0.424548612,0.24687405,KS,Kansas,20,"State Senate District 26 (2012), Kansas",0.29539801,26,5220027,-0.030339487,0.136752934,-0.316555899,0.231439213,0.009603568,KS,Kansas,20,"State Senate District 27 (2012), Kansas",0.303834808,27,7020028,-0.094605241,0.132544223,-0.333554829,0.165459978,-0.063678207,KS,Kansas,20,"State Senate District 28 (2012), Kansas",0.452281942,28,7020029,-0.063937606,0.140605413,-0.328527369,0.219216754,0.26356802,KS,Kansas,20,"State Senate District 29 (2012), Kansas",0.701192718,29,6220030,-0.023786082,0.133694966,-0.29458462,0.230895977,0.162917763,KS,Kansas,20,"State Senate District 30 (2012), Kansas",0.415765894,30,7520031,-0.054903936,0.143077112,-0.327417896,0.22442092,0.012508491,KS,Kansas,20,"State Senate District 31 (2012), Kansas",0.344775366,31,5420032,0.009982155,0.136999382,-0.249660875,0.277031945,0.077715556,KS,Kansas,20,"State Senate District 32 (2012), Kansas",0.307039499,32,5820033,0.270784467,0.164074014,-0.060660025,0.573784244,0.500954494,KS,Kansas,20,"State Senate District 33 (2012), Kansas",0.219932372,33,4120034,0.034128204,0.143967252,-0.250855197,0.288237049,0.132622915,KS,Kansas,20,"State Senate District 34 (2012), Kansas",0.330578829,34,6020035,0.144794987,0.129497279,-0.100384046,0.409617086,0.188441091,KS,Kansas,20,"State Senate District 35 (2012), Kansas",0.277988913,35,6920036,0.367547546,0.141651316,0.079299325,0.636916784,0.581652755,KS,Kansas,20,"State Senate District 36 (2012), Kansas",0.203332919,36,6320037,0.318530949,0.133395752,0.070722721,0.581487642,0.581317787,KS,Kansas,20,"State Senate District 37 (2012), Kansas",0.307268125,37,6820038,0.119734115,0.168600207,-0.181366563,0.46167819,0.521091005,KS,Kansas,20,"State Senate District 38 (2012), Kansas",0.268977719,38,3020039,0.225368446,0.158679647,-0.075871461,0.524309632,0.635672112,KS,Kansas,20,"State Senate District 39 (2012), Kansas",0.227274955,39,3420040,0.280390203,0.128349572,-0.006523767,0.514414785,0.415246228,KS,Kansas,20,"State Senate District 40 (2012), Kansas",0.203068816,40,7021001,0.277199976,0.131203906,0.011200332,0.533934214,0.339453394,KY,Kentucky,21,"State Senate District 1 (2012), Kentucky",0.334763376,1,7521002,0.31486295,0.128929966,0.082074002,0.574747602,0.401225094,KY,Kentucky,21,"State Senate District 2 (2012), Kentucky",0.328084647,2,7121003,0.109336556,0.128168477,-0.13951744,0.363563025,0.052414701,KY,Kentucky,21,"State Senate District 3 (2012), Kentucky",0.35716424,3,8421004,0.138402611,0.133792001,-0.108245734,0.40515651,0.210640725,KY,Kentucky,21,"State Senate District 4 (2012), Kentucky",0.365577602,4,7121005,0.421455676,0.11533153,0.179450387,0.649777352,0.433097759,KY,Kentucky,21,"State Senate District 5 (2012), Kentucky",0.338777069,5,11921006,0.084108718,0.144651144,-0.203782969,0.345074627,0.161687158,KY,Kentucky,21,"State Senate District 6 (2012), Kentucky",0.319352687,6,5721007,-0.04935889,0.110338662,-0.278923407,0.149207876,-0.14603011,KY,Kentucky,21,"State Senate District 7 (2012), Kentucky",0.427329948,7,11021008,-0.071413342,0.148580822,-0.349965516,0.212011564,-0.044994521,KY,Kentucky,21,"State Senate District 8 (2012), Kentucky",0.393537044,8,5621009,0.300459595,0.113608284,0.092747923,0.531536847,0.35452738,KY,Kentucky,21,"State Senate District 9 (2012), Kentucky",0.3047567,9,9721010,0.195990756,0.127869663,-0.035450555,0.446193037,0.245741494,KY,Kentucky,21,"State Senate District 10 (2012), Kentucky",0.398975856,10,8921011,0.39396131,0.11020794,0.175588581,0.590765059,0.577855119,KY,Kentucky,21,"State Senate District 11 (2012), Kentucky",0.303175496,11,10421012,-0.032118212,0.114569823,-0.255377491,0.195930311,0.062389481,KY,Kentucky,21,"State Senate District 12 (2012), Kentucky",0.419252784,12,11321013,-0.238705673,0.110125717,-0.461324321,-0.025245007,-0.189058285,KY,Kentucky,21,"State Senate District 13 (2012), Kentucky",0.639373781,13,11721014,0.244991522,0.1163371,0.017997371,0.479480592,0.328683242,KY,Kentucky,21,"State Senate District 14 (2012), Kentucky",0.37438717,14,9721015,0.412869223,0.124134561,0.169062112,0.673858223,0.440124575,KY,Kentucky,21,"State Senate District 15 (2012), Kentucky",0.256689855,15,8121016,0.39052801,0.117698165,0.14323417,0.611651591,0.43003243,KY,Kentucky,21,"State Senate District 16 (2012), Kentucky",0.231641363,16,9521017,0.244465476,0.115843165,0.018184255,0.455922721,0.294072869,KY,Kentucky,21,"State Senate District 17 (2012), Kentucky",0.33840496,17,9321018,0.453632742,0.117042366,0.237598356,0.69492645,0.559662036,KY,Kentucky,21,"State Senate District 18 (2012), Kentucky",0.407212586,18,9921019,-0.303575081,0.122529053,-0.552126975,-0.064137891,-0.331633413,KY,Kentucky,21,"State Senate District 19 (2012), Kentucky",0.552189484,19,9321020,0.184529034,0.133831358,-0.058875495,0.447454108,0.157660318,KY,Kentucky,21,"State Senate District 20 (2012), Kentucky",0.385114325,20,7221021,0.373149682,0.130003703,0.124202781,0.643772175,0.40597477,KY,Kentucky,21,"State Senate District 21 (2012), Kentucky",0.239228788,21,6921022,0.186110329,0.110965552,-0.043567716,0.398156107,0.217045613,KY,Kentucky,21,"State Senate District 22 (2012), Kentucky",0.307241003,22,11021023,0.077557636,0.11292486,-0.146872897,0.295763395,0.15658912,KY,Kentucky,21,"State Senate District 23 (2012), Kentucky",0.404113056,23,10321024,0.070010134,0.120405157,-0.144965411,0.309349702,0.070418496,KY,Kentucky,21,"State Senate District 24 (2012), Kentucky",0.377491599,24,9121025,0.293171668,0.148693861,0.020772429,0.576384964,0.358663722,KY,Kentucky,21,"State Senate District 25 (2012), Kentucky",0.215103822,25,4821026,0.166853137,0.116320653,-0.074799158,0.403920001,0.236090566,KY,Kentucky,21,"State Senate District 26 (2012), Kentucky",0.380098765,26,10221027,-0.050743769,0.125937068,-0.299783691,0.182787954,-0.070951513,KY,Kentucky,21,"State Senate District 27 (2012), Kentucky",0.375994401,27,8021028,0.38796062,0.13121461,0.14454953,0.640270918,0.552560674,KY,Kentucky,21,"State Senate District 28 (2012), Kentucky",0.425333001,28,8021029,0.130456059,0.138186702,-0.131728143,0.372107488,0.056087975,KY,Kentucky,21,"State Senate District 29 (2012), Kentucky",0.247932826,29,5021030,0.119204704,0.128938616,-0.125646167,0.377546144,0.031687688,KY,Kentucky,21,"State Senate District 30 (2012), Kentucky",0.219975719,30,6721031,0.073283079,0.126004632,-0.184350386,0.314551067,0.044180245,KY,Kentucky,21,"State Senate District 31 (2012), Kentucky",0.262580662,31,7821032,0.120000455,0.122911516,-0.125282699,0.359089882,0.230254893,KY,Kentucky,21,"State Senate District 32 (2012), Kentucky",0.389103707,32,8321033,-0.464341559,0.128658475,-0.733598638,-0.226896397,-0.486415738,KY,Kentucky,21,"State Senate District 33 (2012), Kentucky",0.858263922,33,8521034,0.27811856,0.112838173,0.063703532,0.503337241,0.291962396,KY,Kentucky,21,"State Senate District 34 (2012), Kentucky",0.328168222,34,9921035,-0.268270648,0.121115073,-0.526707654,-0.032270428,-0.155146304,KY,Kentucky,21,"State Senate District 35 (2012), Kentucky",0.758951795,35,8321036,-0.111941064,0.112030984,-0.336425978,0.09721365,-0.027618513,KY,Kentucky,21,"State Senate District 36 (2012), Kentucky",0.424201386,36,10721037,-0.088466219,0.118299279,-0.314444686,0.142325089,-0.123104997,KY,Kentucky,21,"State Senate District 37 (2012), Kentucky",0.511875997,37,10121038,0.352399548,0.101095576,0.144452712,0.55489692,0.459054377,KY,Kentucky,21,"State Senate District 38 (2012), Kentucky",0.357948697,38,13622001,0.524203351,0.122919469,0.304420373,0.754641543,0.525558427,LA,Louisiana,22,"State Senate District 1 (2012), Louisiana",0.297841396,1,8522002,0.058212865,0.129606648,-0.183270829,0.314529408,0.116389827,LA,Louisiana,22,"State Senate District 2 (2012), Louisiana",0.645471266,2,6122003,-0.119849609,0.135381457,-0.377724212,0.117327802,-0.117856933,LA,Louisiana,22,"State Senate District 3 (2012), Louisiana",0.778039939,3,5422004,-0.26585718,0.140951355,-0.525187099,0.009252645,-0.332965345,LA,Louisiana,22,"State Senate District 4 (2012), Louisiana",0.807906951,4,6722005,-0.460368649,0.130975154,-0.708026415,-0.209132969,-0.495693655,LA,Louisiana,22,"State Senate District 5 (2012), Louisiana",0.841093567,5,7222006,0.458839284,0.113229368,0.242901131,0.67566455,0.63287707,LA,Louisiana,22,"State Senate District 6 (2012), Louisiana",0.296234618,6,11322007,-0.288166868,0.129509788,-0.532310075,-0.0286408,-0.330784335,LA,Louisiana,22,"State Senate District 7 (2012), Louisiana",0.675487358,7,7922008,0.254095663,0.139915774,-0.023146083,0.53704219,0.254329818,LA,Louisiana,22,"State Senate District 8 (2012), Louisiana",0.472817756,8,7322009,0.066702652,0.126556434,-0.163838255,0.329808287,0.119882046,LA,Louisiana,22,"State Senate District 9 (2012), Louisiana",0.289434524,9,9022010,0.357601194,0.12443437,0.114582896,0.596149586,0.350881981,LA,Louisiana,22,"State Senate District 10 (2012), Louisiana",0.258242759,10,8322011,0.524133887,0.1261238,0.28532409,0.768120623,0.648876163,LA,Louisiana,22,"State Senate District 11 (2012), Louisiana",0.205663723,11,8422012,0.674041805,0.148535584,0.401369569,0.960908189,0.813558694,LA,Louisiana,22,"State Senate District 12 (2012), Louisiana",0.333397019,12,6322013,0.626351845,0.137609391,0.350625425,0.889484832,0.761827838,LA,Louisiana,22,"State Senate District 13 (2012), Louisiana",0.123501056,13,6622014,-0.337854726,0.131954573,-0.578746029,-0.063857115,-0.509623418,LA,Louisiana,22,"State Senate District 14 (2012), Louisiana",0.816469322,14,6222015,-0.25833709,0.126059512,-0.514287564,-0.001102991,-0.378228481,LA,Louisiana,22,"State Senate District 15 (2012), Louisiana",0.77701594,15,8022016,0.242057334,0.109215311,0.028371121,0.452169998,0.278589079,LA,Louisiana,22,"State Senate District 16 (2012), Louisiana",0.312557813,16,11122017,0.214875519,0.145240233,-0.054342558,0.470411244,0.256209096,LA,Louisiana,22,"State Senate District 17 (2012), Louisiana",0.435616628,17,5322018,0.587929113,0.126705733,0.345676451,0.835516518,0.66684951,LA,Louisiana,22,"State Senate District 18 (2012), Louisiana",0.232709535,18,8822019,0.263368667,0.135171606,0.003406722,0.531731101,0.465331526,LA,Louisiana,22,"State Senate District 19 (2012), Louisiana",0.437162747,19,6322020,0.425228181,0.141171248,0.159297002,0.714625129,0.45752711,LA,Louisiana,22,"State Senate District 20 (2012), Louisiana",0.256141892,20,6022021,0.485850264,0.119861441,0.241796937,0.708762291,0.698144942,LA,Louisiana,22,"State Senate District 21 (2012), Louisiana",0.347466055,21,8522022,0.187285464,0.129275597,-0.064593789,0.427720067,0.149441348,LA,Louisiana,22,"State Senate District 22 (2012), Louisiana",0.324690943,22,6822023,0.556083609,0.112910923,0.332712702,0.772008871,0.706082413,LA,Louisiana,22,"State Senate District 23 (2012), Louisiana",0.198075647,23,9722024,0.09263403,0.13030552,-0.157311467,0.343112768,0.236788771,LA,Louisiana,22,"State Senate District 24 (2012), Louisiana",0.614932751,24,6422025,0.615355627,0.138646472,0.318918602,0.864275011,0.635871698,LA,Louisiana,22,"State Senate District 25 (2012), Louisiana",0.230309243,25,5922026,0.493475164,0.13031231,0.244317522,0.756186787,0.589923347,LA,Louisiana,22,"State Senate District 26 (2012), Louisiana",0.253380342,26,7122027,0.160952965,0.126815395,-0.086629858,0.402389722,0.319687758,LA,Louisiana,22,"State Senate District 27 (2012), Louisiana",0.44608029,27,9222028,0.374401757,0.137927977,0.11073272,0.621525557,0.346927818,LA,Louisiana,22,"State Senate District 28 (2012), Louisiana",0.332142215,28,5222029,0.096475649,0.130905819,-0.155649173,0.382196951,0.278278356,LA,Louisiana,22,"State Senate District 29 (2012), Louisiana",0.629675452,29,8022030,0.529513715,0.128932278,0.276324123,0.787479129,0.57422984,LA,Louisiana,22,"State Senate District 30 (2012), Louisiana",0.203053703,30,6522031,0.471774207,0.128397016,0.228875824,0.732770425,0.547314281,LA,Louisiana,22,"State Senate District 31 (2012), Louisiana",0.27361382,31,6822032,0.698946947,0.153633733,0.392517146,0.994939926,0.824701699,LA,Louisiana,22,"State Senate District 32 (2012), Louisiana",0.229056008,32,5922033,0.25636776,0.142638406,-0.008249017,0.521076342,0.163142187,LA,Louisiana,22,"State Senate District 33 (2012), Louisiana",0.281121106,33,6122034,0.091332055,0.157251647,-0.2050194,0.399460081,0.193996489,LA,Louisiana,22,"State Senate District 34 (2012), Louisiana",0.68804042,34,4122035,0.55715109,0.121166821,0.337004644,0.784538402,0.649211215,LA,Louisiana,22,"State Senate District 35 (2012), Louisiana",0.168606961,35,7822036,0.548058964,0.142221922,0.282159013,0.82723941,0.739594248,LA,Louisiana,22,"State Senate District 36 (2012), Louisiana",0.283600397,36,5722037,0.3374604,0.12500831,0.082024695,0.577705396,0.467968278,LA,Louisiana,22,"State Senate District 37 (2012), Louisiana",0.329021461,37,8422038,0.29663642,0.129478341,0.039520477,0.542115022,0.347452209,LA,Louisiana,22,"State Senate District 38 (2012), Louisiana",0.406574596,38,9022039,-0.013484291,0.134381891,-0.270072004,0.247145406,-0.069239696,LA,Louisiana,22,"State Senate District 39 (2012), Louisiana",0.725911338,39,7423001,-0.224407899,0.141763489,-0.499040017,0.058982781,-0.12027235,ME,Maine,23,"State Senate District 1 (2012), Maine",0.609747726,1,5523002,-0.071231533,0.146790649,-0.365410984,0.210535516,0.172841001,ME,Maine,23,"State Senate District 2 (2012), Maine",0.453075171,2,4923003,-0.103342599,0.159743923,-0.40431847,0.17313687,-0.015530683,ME,Maine,23,"State Senate District 3 (2012), Maine",0.523393711,3,4523004,-0.122824919,0.156800384,-0.41969372,0.158940388,-0.07996452,ME,Maine,23,"State Senate District 4 (2012), Maine",0.455314286,4,3923005,0.001107572,0.156433692,-0.30411326,0.320405504,0.112910572,ME,Maine,23,"State Senate District 5 (2012), Maine",0.609661887,5,4523006,-0.189951312,0.157800004,-0.501252505,0.120513067,-0.055759165,ME,Maine,23,"State Senate District 6 (2012), Maine",0.51147122,6,4123007,-0.514648662,0.16087512,-0.828813644,-0.197117317,-0.67750473,ME,Maine,23,"State Senate District 7 (2012), Maine",0.597432852,7,3623008,-0.783889236,0.14819256,-1.092824291,-0.506922415,-0.981219327,ME,Maine,23,"State Senate District 8 (2012), Maine",0.496763598,8,4623009,-0.490436642,0.169954925,-0.821915497,-0.176211197,-0.687636306,ME,Maine,23,"State Senate District 9 (2012), Maine",0.572117567,9,2923010,-0.37198744,0.145250839,-0.658651598,-0.076355586,-0.329824888,ME,Maine,23,"State Senate District 10 (2012), Maine",0.438362761,10,4923011,-0.191194296,0.155172326,-0.48813352,0.102480782,-0.213700474,ME,Maine,23,"State Senate District 11 (2012), Maine",0.555528376,11,4123012,-0.212696879,0.157205146,-0.503864431,0.090636104,-0.269147165,ME,Maine,23,"State Senate District 12 (2012), Maine",0.620368584,12,4623013,0.090203603,0.147183231,-0.202196205,0.36268479,0.346991509,ME,Maine,23,"State Senate District 13 (2012), Maine",0.555623157,13,4423014,-0.056751349,0.1481164,-0.328577844,0.256490821,0.031153947,ME,Maine,23,"State Senate District 14 (2012), Maine",0.562490814,14,5223015,-0.179786154,0.163653498,-0.477668963,0.142508038,-0.171415608,ME,Maine,23,"State Senate District 15 (2012), Maine",0.563300373,15,3823016,0.092024301,0.159215997,-0.219749313,0.396803168,0.303764565,ME,Maine,23,"State Senate District 16 (2012), Maine",0.595570965,16,3923017,-0.024747343,0.148580172,-0.322730962,0.231702309,0.100543167,ME,Maine,23,"State Senate District 17 (2012), Maine",0.587100387,17,5123018,-0.417724003,0.159221285,-0.740278712,-0.118599492,-0.451063697,ME,Maine,23,"State Senate District 18 (2012), Maine",0.595406454,18,4423019,-0.224804991,0.149488576,-0.533910346,0.081641529,-0.241337816,ME,Maine,23,"State Senate District 19 (2012), Maine",0.548286604,19,4923020,-0.067064564,0.158581851,-0.384301494,0.241752908,0.030956779,ME,Maine,23,"State Senate District 20 (2012), Maine",0.558595508,20,4523021,-0.263501051,0.160554513,-0.57521875,0.07046768,-0.224607824,ME,Maine,23,"State Senate District 21 (2012), Maine",0.624652935,21,4323022,-0.292024704,0.15950501,-0.598619703,0.027358953,-0.314796942,ME,Maine,23,"State Senate District 22 (2012), Maine",0.509794678,22,4523023,-0.212486766,0.152310691,-0.511091152,0.061403553,-0.170967439,ME,Maine,23,"State Senate District 23 (2012), Maine",0.583630729,23,4923024,-0.125136055,0.147376696,-0.409970335,0.158210885,-0.042924971,ME,Maine,23,"State Senate District 24 (2012), Maine",0.64846358,24,4923025,-0.21317162,0.148202657,-0.502133611,0.079386743,-0.098010738,ME,Maine,23,"State Senate District 25 (2012), Maine",0.568208967,25,5023026,-0.126211698,0.144567413,-0.404372824,0.157205162,0.00509218,ME,Maine,23,"State Senate District 26 (2012), Maine",0.526590198,26,5523027,-0.14113585,0.160811048,-0.448682048,0.169019187,-0.053646063,ME,Maine,23,"State Senate District 27 (2012), Maine",0.833626635,27,4223028,-0.28411597,0.14633547,-0.55801494,-0.005495073,-0.249733028,ME,Maine,23,"State Senate District 28 (2012), Maine",0.699568945,28,5323029,-0.140771402,0.153518497,-0.448234979,0.138485688,-0.107597728,ME,Maine,23,"State Senate District 29 (2012), Maine",0.678283082,29,5123030,0.004575443,0.161462998,-0.320891906,0.314702898,0.210890342,ME,Maine,23,"State Senate District 30 (2012), Maine",0.55965091,30,4223031,-0.08118233,0.161240738,-0.39967685,0.232198565,-0.072727858,ME,Maine,23,"State Senate District 31 (2012), Maine",0.611611714,31,4323032,-0.252968002,0.157993185,-0.581005543,0.044692886,-0.302471582,ME,Maine,23,"State Senate District 32 (2012), Maine",0.621251159,32,3823033,0.033671088,0.167771535,-0.264627993,0.344953798,0.270601157,ME,Maine,23,"State Senate District 33 (2012), Maine",0.570298574,33,4323034,0.26429349,0.159561514,-0.051828712,0.593544545,0.589036723,ME,Maine,23,"State Senate District 34 (2012), Maine",0.537165102,34,4123035,0.040139632,0.159792833,-0.278491158,0.36444202,0.280165738,ME,Maine,23,"State Senate District 35 (2012), Maine",0.592390153,35,4424001,0.178077244,0.128241954,-0.09172099,0.42206126,0.331271634,MD,Maryland,24,"State Senate District 1 (2012), Maryland",NA,1,8124002,-0.158903516,0.115262036,-0.397808035,0.046042659,-0.146139775,MD,Maryland,24,"State Senate District 2 (2012), Maryland",NA,2,10424003,-0.231222478,0.111870399,-0.440861677,0.006297984,-0.152826557,MD,Maryland,24,"State Senate District 3 (2012), Maryland",NA,3,11524004,-0.072185312,0.114459652,-0.303987918,0.142416987,-0.057493804,MD,Maryland,24,"State Senate District 4 (2012), Maryland",NA,4,10924005,0.200151278,0.108726089,-0.008716694,0.40567076,0.37882704,MD,Maryland,24,"State Senate District 5 (2012), Maryland",NA,5,11524006,-0.100332336,0.136102664,-0.364324821,0.167873447,0.065113119,MD,Maryland,24,"State Senate District 6 (2012), Maryland",NA,6,8124007,0.300763699,0.122760804,0.061872653,0.528881458,0.64238946,MD,Maryland,24,"State Senate District 7 (2012), Maryland",NA,7,9324008,-0.315600632,0.115356151,-0.538883476,-0.097400655,-0.193690194,MD,Maryland,24,"State Senate District 8 (2012), Maryland",NA,8,9724009,-0.088923393,0.127593282,-0.329838939,0.168187258,0.039034493,MD,Maryland,24,"State Senate District 9 (2012), Maryland",NA,9,8524010,-0.383576374,0.107023609,-0.58905681,-0.181181423,-0.270741913,MD,Maryland,24,"State Senate District 10 (2012), Maryland",NA,10,12224011,-0.347617376,0.11568968,-0.562922854,-0.11713892,-0.352960957,MD,Maryland,24,"State Senate District 11 (2012), Maryland",NA,11,11124012,-0.332671639,0.116386093,-0.549423358,-0.086113472,-0.4472496,MD,Maryland,24,"State Senate District 12 (2012), Maryland",NA,12,9724013,-0.498823519,0.119087823,-0.718943323,-0.274391444,-0.58542092,MD,Maryland,24,"State Senate District 13 (2012), Maryland",NA,13,10224014,-0.074592353,0.117703187,-0.289889899,0.156171413,-0.01425839,MD,Maryland,24,"State Senate District 14 (2012), Maryland",NA,14,9624015,-0.559814992,0.113629439,-0.793325749,-0.332484069,-0.650299661,MD,Maryland,24,"State Senate District 15 (2012), Maryland",NA,15,9624016,-0.882056903,0.119825626,-1.134229518,-0.6765451,-1.03172572,MD,Maryland,24,"State Senate District 16 (2012), Maryland",NA,16,9624017,-0.462326125,0.112062903,-0.651900117,-0.241980999,-0.500582641,MD,Maryland,24,"State Senate District 17 (2012), Maryland",NA,17,10524018,-0.752374805,0.133356223,-0.995653632,-0.48077498,-0.956801283,MD,Maryland,24,"State Senate District 18 (2012), Maryland",NA,18,7524019,-0.556236396,0.133446656,-0.81545554,-0.264301071,-0.654236512,MD,Maryland,24,"State Senate District 19 (2012), Maryland",NA,19,8424020,-0.91622996,0.120661801,-1.140698315,-0.669374026,-1.127743082,MD,Maryland,24,"State Senate District 20 (2012), Maryland",NA,20,8724021,-0.417799773,0.118002498,-0.628780143,-0.1781575,-0.493463135,MD,Maryland,24,"State Senate District 21 (2012), Maryland",NA,21,8724022,-0.746046655,0.126170502,-1.005900495,-0.503386376,-0.877648451,MD,Maryland,24,"State Senate District 22 (2012), Maryland",NA,22,8924023,-0.455570853,0.119625239,-0.678168469,-0.208856192,-0.578042515,MD,Maryland,24,"State Senate District 23 (2012), Maryland",NA,23,8524024,-0.631617054,0.13160937,-0.88997748,-0.368293453,-0.718236252,MD,Maryland,24,"State Senate District 24 (2012), Maryland",NA,24,7924025,-0.857408996,0.12211229,-1.082114529,-0.617800373,-0.943514568,MD,Maryland,24,"State Senate District 25 (2012), Maryland",NA,25,8224026,-0.642479358,0.105695062,-0.84456707,-0.424265455,-0.72437105,MD,Maryland,24,"State Senate District 26 (2012), Maryland",NA,26,11024027,-0.019888305,0.117511971,-0.272396682,0.20405447,0.200784902,MD,Maryland,24,"State Senate District 27 (2012), Maryland",NA,27,9024028,-0.355109243,0.112873351,-0.565114982,-0.130941445,-0.307679539,MD,Maryland,24,"State Senate District 28 (2012), Maryland",NA,28,11824029,-0.060293234,0.112011438,-0.262435961,0.16414146,0.017025016,MD,Maryland,24,"State Senate District 29 (2012), Maryland",NA,29,11624030,-0.227686329,0.128523437,-0.49139721,-0.00222513,-0.159359077,MD,Maryland,24,"State Senate District 30 (2012), Maryland",NA,30,7624031,0.300119793,0.125310437,0.063186138,0.546857817,0.451899834,MD,Maryland,24,"State Senate District 31 (2012), Maryland",NA,31,8424032,-0.231694955,0.117838452,-0.462997019,0.011962005,-0.106582473,MD,Maryland,24,"State Senate District 32 (2012), Maryland",NA,32,10024033,-0.21653622,0.132305043,-0.476426662,0.055441755,-0.295259505,MD,Maryland,24,"State Senate District 33 (2012), Maryland",NA,33,8024034,-0.322800308,0.118272217,-0.54256572,-0.104791293,-0.161772214,MD,Maryland,24,"State Senate District 34 (2012), Maryland",NA,34,9924035,0.103050109,0.105737428,-0.104966252,0.339153185,0.142666327,MD,Maryland,24,"State Senate District 35 (2012), Maryland",NA,35,11124036,0.349681541,0.131787796,0.084457122,0.588497817,0.546999432,MD,Maryland,24,"State Senate District 36 (2012), Maryland",NA,36,8824037,0.155676159,0.112419333,-0.059818488,0.362495823,0.336558657,MD,Maryland,24,"State Senate District 37 (2012), Maryland",NA,37,10724038,-0.143749405,0.121552257,-0.369727077,0.099517596,-0.098898898,MD,Maryland,24,"State Senate District 38 (2012), Maryland",NA,38,9224039,-0.42041039,0.117929101,-0.661489301,-0.167506642,-0.459291869,MD,Maryland,24,"State Senate District 39 (2012), Maryland",NA,39,10124040,-0.834102308,0.131652394,-1.080702124,-0.573178454,-0.955288884,MD,Maryland,24,"State Senate District 40 (2012), Maryland",NA,40,8624041,-0.648900497,0.133716947,-0.912819608,-0.405067844,-0.583883526,MD,Maryland,24,"State Senate District 41 (2012), Maryland",NA,41,8124042,-0.415159457,0.117903124,-0.653319273,-0.196810703,-0.491535415,MD,Maryland,24,"State Senate District 42 (2012), Maryland",NA,42,8224043,-0.863302371,0.116208194,-1.092866317,-0.646555676,-0.900290964,MD,Maryland,24,"State Senate District 43 (2012), Maryland",NA,43,8724044,-0.604119813,0.128991296,-0.860579826,-0.365190706,-0.66241561,MD,Maryland,24,"State Senate District 44 (2012), Maryland",NA,44,7624045,-0.828200298,0.135841592,-1.114512827,-0.562670805,-0.867792953,MD,Maryland,24,"State Senate District 45 (2012), Maryland",NA,45,7324046,-0.534033844,0.117490879,-0.753752269,-0.31271932,-0.491505191,MD,Maryland,24,"State Senate District 46 (2012), Maryland",NA,46,8524047,-0.740991045,0.145434493,-1.007459776,-0.434972868,-0.928209604,MD,Maryland,24,"State Senate District 47 (2012), Maryland",NA,47,5825001,-0.550904137,0.115920976,-0.761213314,-0.312638649,-0.655254964,MA,Massachusetts,25,"First Suffolk District (2012), Massachusetts",NA,1,10325002,-1.105860212,0.115312713,-1.330439999,-0.892256663,-1.121437218,MA,Massachusetts,25,"Second Suffolk District (2012), Massachusetts",NA,2,12125003,-0.504098292,0.115042343,-0.729534349,-0.282039911,-0.419160201,MA,Massachusetts,25,"Hampden District (2012), Massachusetts",NA,3,9425004,-0.703018545,0.109916581,-0.923111866,-0.49033824,-0.750102981,MA,Massachusetts,25,"Berkshire, Hampshire, Franklin & Hampden District (2012); Massachusetts",NA,4,12525005,-0.23238528,0.103353252,-0.431443455,-0.034232341,-0.128799659,MA,Massachusetts,25,"Second Hampden & Hampshire District (2012), Massachusetts",NA,5,12325006,-0.771256235,0.095586818,-0.946073732,-0.581953668,-0.802689275,MA,Massachusetts,25,"Hampshire, Franklin & Worcester District (2012); Massachusetts",NA,6,14425007,-0.249570867,0.106892636,-0.450079502,-0.039043753,-0.108574817,MA,Massachusetts,25,"First Hampden & Hampshire District (2012), Massachusetts",NA,7,12625008,-0.227097844,0.093345266,-0.405562639,-0.059259505,-0.07836724,MA,Massachusetts,25,"Worcester, Hampden, Hampshire & Middlesex District (2012); Massachusetts",NA,8,13625009,-0.432274126,0.101633448,-0.635044471,-0.244867704,-0.305888396,MA,Massachusetts,25,"Worcester & Middlesex District (2012), Massachusetts",NA,9,12925010,-0.420509232,0.116847181,-0.640900874,-0.200024583,-0.411476957,MA,Massachusetts,25,"First Worcester District (2012), Massachusetts",NA,10,10625011,-0.119827931,0.117883247,-0.340722027,0.118872924,-0.014698634,MA,Massachusetts,25,"Second Worcester District (2012), Massachusetts",NA,11,11325012,0.088147721,0.10542688,-0.132834196,0.30215315,0.277759083,MA,Massachusetts,25,"Worcester & Norfolk District (2012), Massachusetts",NA,12,12425013,-0.244004474,0.116331501,-0.46967327,-0.011219096,-0.254419096,MA,Massachusetts,25,"First Middlesex District (2012), Massachusetts",NA,13,9925014,-0.540015874,0.101232476,-0.7495381,-0.354512623,-0.505499086,MA,Massachusetts,25,"Middlesex & Worcester District (2012), Massachusetts",NA,14,12825015,-0.807810954,0.114659267,-1.01522491,-0.575237325,-0.870126979,MA,Massachusetts,25,"Second Middlesex & Norfolk District (2012), Massachusetts",NA,15,9625016,-0.423425596,0.097753172,-0.605970041,-0.232002836,-0.396144097,MA,Massachusetts,25,"Third Middlesex District (2012), Massachusetts",NA,16,13725017,-0.405234947,0.109673284,-0.631258716,-0.21311376,-0.341799578,MA,Massachusetts,25,"Norfolk, Bristol & Middlesex District (2012); Massachusetts",NA,17,12125018,-0.325293844,0.10958655,-0.536198549,-0.117559568,-0.167659952,MA,Massachusetts,25,"Second Essex & Middlesex District (2012), Massachusetts",NA,18,10125019,-0.410526517,0.108670003,-0.615285832,-0.184482004,-0.375295023,MA,Massachusetts,25,"First Essex District (2012), Massachusetts",NA,19,10525020,-0.363295836,0.103724359,-0.574105283,-0.146551718,-0.272112647,MA,Massachusetts,25,"First Essex & Middlesex District (2012), Massachusetts",NA,20,13325021,-0.21149729,0.097915557,-0.398979876,-0.017746874,-0.106469639,MA,Massachusetts,25,"Second Essex District (2012), Massachusetts",NA,21,14825022,-0.512271568,0.113509071,-0.741405144,-0.278690635,-0.536274094,MA,Massachusetts,25,"Third Essex District (2012), Massachusetts",NA,22,10625023,-0.384039567,0.102664783,-0.578399011,-0.177544674,-0.347012058,MA,Massachusetts,25,"Fifth Middlesex District (2012), Massachusetts",NA,23,12725024,-0.573880237,0.098927221,-0.757991501,-0.358034026,-0.527147674,MA,Massachusetts,25,"Fourth Middlesex District (2012), Massachusetts",NA,24,13325025,-0.692749905,0.093699157,-0.880442125,-0.53237581,-0.715512086,MA,Massachusetts,25,"Second Middlesex District (2012), Massachusetts",NA,25,16225026,-0.865212319,0.120095607,-1.096709251,-0.645570929,-0.949063253,MA,Massachusetts,25,"Middlesex & Suffolk District (2012), Massachusetts",NA,26,10525027,-0.41478634,0.10940882,-0.620889908,-0.182828234,-0.472986692,MA,Massachusetts,25,"First Suffolk & Middlesex District (2012), Massachusetts",NA,27,12025028,-0.859451638,0.112067383,-1.08425476,-0.649398736,-0.9729623,MA,Massachusetts,25,"Second Suffolk & Middlesex District (2012), Massachusetts",NA,28,11625029,-0.756486884,0.126525173,-0.977574002,-0.502813196,-0.856550929,MA,Massachusetts,25,"First Middlesex & Norfolk District (2012), Massachusetts",NA,29,8425030,-0.747115209,0.103976892,-0.957331179,-0.550601394,-0.784596835,MA,Massachusetts,25,"Norfolk & Suffolk District (2012), Massachusetts",NA,30,13425031,-0.118904758,0.110847114,-0.335273432,0.093240165,0.048132621,MA,Massachusetts,25,"Bristol & Norfolk District (2012), Massachusetts",NA,31,12625032,-0.407858016,0.106054786,-0.621751914,-0.214869611,-0.385185941,MA,Massachusetts,25,"Norfolk, Bristol & Plymouth District (2012); Massachusetts",NA,32,11525033,-0.201319842,0.113040743,-0.421221848,0.028173536,-0.166128556,MA,Massachusetts,25,"Norfolk & Plymouth District (2012), Massachusetts",NA,33,10925034,-0.381277714,0.132822256,-0.632996453,-0.117988445,-0.274397396,MA,Massachusetts,25,"Plymouth & Norfolk District (2012), Massachusetts",NA,34,7425035,-0.422308971,0.115380104,-0.644503563,-0.199729921,-0.228771095,MA,Massachusetts,25,"Second Plymouth & Bristol District (2012), Massachusetts",NA,35,10625036,-0.263785103,0.110942719,-0.474551221,-0.048685396,-0.216647535,MA,Massachusetts,25,"First Plymouth & Bristol District (2012), Massachusetts",NA,36,11125037,-0.286965086,0.105621914,-0.489656696,-0.069412842,-0.191535359,MA,Massachusetts,25,"First Bristol & Plymouth District (2012), Massachusetts",NA,37,14025038,-0.140488219,0.102359171,-0.340471083,0.070384653,-0.038283189,MA,Massachusetts,25,"Second Bristol & Plymouth District (2012), Massachusetts",NA,38,13725039,-0.214401479,0.108793515,-0.424732879,0.000576885,-0.091123245,MA,Massachusetts,25,"Plymouth & Barnstable District (2012), Massachusetts",NA,39,12025040,-0.315714494,0.090735372,-0.498857163,-0.142032821,-0.249737145,MA,Massachusetts,25,"Cape & Islands District (2012), Massachusetts",NA,40,18426001,-0.489212791,0.082366585,-0.65189423,-0.322504927,-0.467353093,MI,Michigan,26,"State Senate District 1 (2012), Michigan",0.785038474,1,22126002,-0.425447348,0.113167854,-0.648979716,-0.174570835,-0.488706214,MI,Michigan,26,"State Senate District 2 (2012), Michigan",0.80720159,2,13026003,-0.462773054,0.095067477,-0.644635363,-0.27751964,-0.526197427,MI,Michigan,26,"State Senate District 3 (2012), Michigan",0.855101746,3,17926004,-0.612504854,0.106611393,-0.828158057,-0.417656782,-0.609848013,MI,Michigan,26,"State Senate District 4 (2012), Michigan",0.83284874,4,15426005,-0.404705039,0.080927356,-0.578062148,-0.254602072,-0.325397301,MI,Michigan,26,"State Senate District 5 (2012), Michigan",0.81601652,5,23426006,-0.160716426,0.080885145,-0.331648649,0.001147507,-0.138740176,MI,Michigan,26,"State Senate District 6 (2012), Michigan",0.648708025,6,23726007,-0.036472188,0.084719213,-0.198097777,0.123472683,0.008857763,MI,Michigan,26,"State Senate District 7 (2012), Michigan",0.50052555,7,21126008,-0.2161546,0.091136974,-0.384134236,-0.035776595,-0.195128559,MI,Michigan,26,"State Senate District 8 (2012), Michigan",0.460264445,8,19826009,0.026646272,0.080999313,-0.133297358,0.189129996,0.110610085,MI,Michigan,26,"State Senate District 9 (2012), Michigan",0.633095332,9,26526010,0.261345945,0.092426567,0.085207475,0.455724179,0.369056728,MI,Michigan,26,"State Senate District 10 (2012), Michigan",0.489531336,10,19426011,-0.337076116,0.071377652,-0.476377089,-0.196422172,-0.345117103,MI,Michigan,26,"State Senate District 11 (2012), Michigan",0.740220751,11,28026012,-0.194631879,0.090315867,-0.372018154,-0.034214696,-0.156211932,MI,Michigan,26,"State Senate District 12 (2012), Michigan",0.497556487,12,17126013,-0.202541772,0.090263758,-0.404711481,-0.0298762,-0.149184717,MI,Michigan,26,"State Senate District 13 (2012), Michigan",0.495992853,13,19826014,0.055927996,0.082337029,-0.108844151,0.213188034,0.160938852,MI,Michigan,26,"State Senate District 14 (2012), Michigan",0.481097637,14,20626015,0.15030302,0.084457064,-0.007655779,0.313608639,0.217289458,MI,Michigan,26,"State Senate District 15 (2012), Michigan",0.470721092,15,20426016,0.077659728,0.089259572,-0.092868697,0.261825888,0.123197144,MI,Michigan,26,"State Senate District 16 (2012), Michigan",0.443763173,16,19526017,0.187039126,0.083215818,0.044803555,0.348994036,0.260132979,MI,Michigan,26,"State Senate District 17 (2012), Michigan",0.500611911,17,20126018,-0.602076523,0.080290362,-0.751641377,-0.442698107,-0.593253857,MI,Michigan,26,"State Senate District 18 (2012), Michigan",0.729689555,18,25826019,-0.089299492,0.080724861,-0.239483771,0.054726196,-0.065015544,MI,Michigan,26,"State Senate District 19 (2012), Michigan",0.466118708,19,18426020,-0.19702793,0.08030088,-0.359441653,-0.048873519,-0.142970345,MI,Michigan,26,"State Senate District 20 (2012), Michigan",0.567326415,20,22726021,-0.088401598,0.090982555,-0.26234651,0.091584524,-0.05562696,MI,Michigan,26,"State Senate District 21 (2012), Michigan",0.454372981,21,19326022,0.156479641,0.088662821,-0.030718363,0.334069191,0.269023267,MI,Michigan,26,"State Senate District 22 (2012), Michigan",0.427891069,22,18826023,-0.405625694,0.08455594,-0.571633707,-0.252313756,-0.396607127,MI,Michigan,26,"State Senate District 23 (2012), Michigan",0.654949895,23,21726024,0.108958208,0.08297962,-0.045974377,0.290374556,0.175207586,MI,Michigan,26,"State Senate District 24 (2012), Michigan",0.498989705,24,21626025,0.111508203,0.087481408,-0.052355259,0.28498565,0.148920313,MI,Michigan,26,"State Senate District 25 (2012), Michigan",0.444511825,25,22726026,-0.018307176,0.08239976,-0.182682637,0.12682609,0.017644976,MI,Michigan,26,"State Senate District 26 (2012), Michigan",0.44589164,26,22726027,-0.262877671,0.09052765,-0.441019328,-0.095915863,-0.274110592,MI,Michigan,26,"State Senate District 27 (2012), Michigan",0.749668013,27,17726028,0.117635817,0.07321471,-0.03390208,0.257439148,0.211521892,MI,Michigan,26,"State Senate District 28 (2012), Michigan",0.388640518,28,27326029,-0.254851403,0.080258877,-0.416953436,-0.1004522,-0.149946446,MI,Michigan,26,"State Senate District 29 (2012), Michigan",0.532293554,29,24126030,0.14804511,0.079047523,-0.002181972,0.304761023,0.292951767,MI,Michigan,26,"State Senate District 30 (2012), Michigan",0.326478385,30,21226031,-0.063805273,0.09012921,-0.243791083,0.109061547,-0.01875131,MI,Michigan,26,"State Senate District 31 (2012), Michigan",0.480216229,31,20126032,-0.101204251,0.083815388,-0.275463421,0.043791469,-0.043687944,MI,Michigan,26,"State Senate District 32 (2012), Michigan",0.54082067,32,20926033,0.065998187,0.078481436,-0.090636603,0.21419265,0.106711671,MI,Michigan,26,"State Senate District 33 (2012), Michigan",0.484724084,33,22026034,-0.061018865,0.084867719,-0.219324459,0.100648062,-0.006237221,MI,Michigan,26,"State Senate District 34 (2012), Michigan",0.540104075,34,19626035,0.016111586,0.079286834,-0.154838326,0.16236041,0.0709442,MI,Michigan,26,"State Senate District 35 (2012), Michigan",0.454698374,35,24726036,0.159681683,0.071953632,0.02154444,0.295808225,0.23074543,MI,Michigan,26,"State Senate District 36 (2012), Michigan",0.439698143,36,26926037,-0.018168501,0.083048466,-0.178621577,0.136033406,0.041373638,MI,Michigan,26,"State Senate District 37 (2012), Michigan",0.432055209,37,19626038,0.160808698,0.078260146,0.009577881,0.303771695,0.257082023,MI,Michigan,26,"State Senate District 38 (2012), Michigan",0.490403964,38,25927001,-0.120231182,0.150575339,-0.414639789,0.155791627,-0.13346914,MN,Minnesota,27,"State Senate District 01 (2012), Minnesota",0.455934835,1,5527002,0.16267686,0.139647873,-0.093740793,0.439148685,0.319469334,MN,Minnesota,27,"State Senate District 02 (2012), Minnesota",0.459942848,2,5327003,-0.04400913,0.13627903,-0.311957813,0.22031646,0.085939139,MN,Minnesota,27,"State Senate District 03 (2012), Minnesota",0.589550431,3,5827004,-0.227155131,0.134131959,-0.492161648,0.026371402,-0.136579862,MN,Minnesota,27,"State Senate District 04 (2012), Minnesota",0.520596517,4,7027005,-0.121016897,0.143316123,-0.415820012,0.148894706,-0.134044406,MN,Minnesota,27,"State Senate District 05 (2012), Minnesota",0.517805747,5,6027006,0.362385061,0.149536021,0.091273861,0.680582395,0.681129774,MN,Minnesota,27,"State Senate District 06 (2012), Minnesota",0.639216595,6,6727007,-0.239817855,0.137553974,-0.510886563,0.007239191,-0.112481012,MN,Minnesota,27,"State Senate District 07 (2012), Minnesota",0.702250107,7,6727008,0.102345605,0.1475422,-0.199079349,0.388706476,0.278593868,MN,Minnesota,27,"State Senate District 08 (2012), Minnesota",0.404668901,8,4827009,-0.059916483,0.133273087,-0.318422366,0.194787527,0.017127706,MN,Minnesota,27,"State Senate District 09 (2012), Minnesota",0.383767483,9,7327010,-0.014281502,0.150436997,-0.298590919,0.282592055,0.047979718,MN,Minnesota,27,"State Senate District 10 (2012), Minnesota",0.444619666,10,5127011,-0.071198523,0.127735374,-0.3191277,0.180889098,0.004689304,MN,Minnesota,27,"State Senate District 11 (2012), Minnesota",0.560087457,11,7327012,0.039375597,0.143885055,-0.23058107,0.312831687,0.100510603,MN,Minnesota,27,"State Senate District 12 (2012), Minnesota",0.42260744,12,5527013,0.370738538,0.146046036,0.072720303,0.665794601,0.765610613,MN,Minnesota,27,"State Senate District 13 (2012), Minnesota",0.417132875,13,5127014,0.035089031,0.130014762,-0.230970941,0.287065276,0.284961652,MN,Minnesota,27,"State Senate District 14 (2012), Minnesota",0.517514006,14,6127015,0.006761005,0.139842282,-0.28060467,0.285587224,0.118462833,MN,Minnesota,27,"State Senate District 15 (2012), Minnesota",0.392868695,15,6027016,-0.046221198,0.149190247,-0.327625104,0.230140201,-0.050868487,MN,Minnesota,27,"State Senate District 16 (2012), Minnesota",0.43723294,16,6627017,0.033436742,0.151930933,-0.256619883,0.334378057,0.141342282,MN,Minnesota,27,"State Senate District 17 (2012), Minnesota",0.480191677,17,4127018,-0.013206247,0.132608631,-0.253240149,0.242944007,0.066654973,MN,Minnesota,27,"State Senate District 18 (2012), Minnesota",0.393616483,18,6627019,-0.181083033,0.141535808,-0.467033616,0.105052042,0.04995895,MN,Minnesota,27,"State Senate District 19 (2012), Minnesota",0.56248652,19,5527020,-0.010762304,0.132084984,-0.280298843,0.230721168,0.158583048,MN,Minnesota,27,"State Senate District 20 (2012), Minnesota",0.483044869,20,7427021,0.070721878,0.142174023,-0.196091943,0.337489026,0.219119388,MN,Minnesota,27,"State Senate District 21 (2012), Minnesota",0.486116719,21,4727022,-0.189982781,0.129337054,-0.452816188,0.043985642,-0.180201635,MN,Minnesota,27,"State Senate District 22 (2012), Minnesota",0.434784965,22,6927023,-0.078025238,0.148371135,-0.367776937,0.204478083,-0.10750805,MN,Minnesota,27,"State Senate District 23 (2012), Minnesota",0.440990724,23,4327024,0.174537952,0.145106237,-0.109284082,0.456819391,0.487829663,MN,Minnesota,27,"State Senate District 24 (2012), Minnesota",0.473661543,24,5727025,-0.213862557,0.138313326,-0.489612015,0.053837338,-0.146370153,MN,Minnesota,27,"State Senate District 25 (2012), Minnesota",0.504266212,25,7127026,-0.188320495,0.14533143,-0.471129247,0.073300274,-0.009256367,MN,Minnesota,27,"State Senate District 26 (2012), Minnesota",0.515614699,26,5827027,0.177600299,0.145306734,-0.113924301,0.452889243,0.453756211,MN,Minnesota,27,"State Senate District 27 (2012), Minnesota",0.589142298,27,5327028,-0.471806378,0.149389264,-0.744986101,-0.168934203,-0.677000197,MN,Minnesota,27,"State Senate District 28 (2012), Minnesota",0.553889613,28,4627029,0.114981892,0.145200963,-0.204699613,0.396413052,0.314993231,MN,Minnesota,27,"State Senate District 29 (2012), Minnesota",0.398436936,29,4727030,0.249008662,0.15265974,-0.02748542,0.52294189,0.525189746,MN,Minnesota,27,"State Senate District 30 (2012), Minnesota",0.387109792,30,4927031,0.30587545,0.142440541,0.03737619,0.605006492,0.582867387,MN,Minnesota,27,"State Senate District 31 (2012), Minnesota",0.378629051,31,5127032,0.217088202,0.130911461,-0.022456115,0.453715424,0.386430042,MN,Minnesota,27,"State Senate District 32 (2012), Minnesota",0.429200469,32,7227033,-0.116082924,0.136189668,-0.406904258,0.148870562,-0.010568924,MN,Minnesota,27,"State Senate District 33 (2012), Minnesota",0.405786554,33,5527034,-0.038987782,0.131087526,-0.278679287,0.195704376,0.067412314,MN,Minnesota,27,"State Senate District 34 (2012), Minnesota",0.443353209,34,8327035,-0.074693244,0.144770439,-0.345580296,0.208956733,0.130708063,MN,Minnesota,27,"State Senate District 35 (2012), Minnesota",0.439287241,35,6027036,-0.03113656,0.138302049,-0.304495224,0.249612783,0.066875788,MN,Minnesota,27,"State Senate District 36 (2012), Minnesota",0.518805686,36,6227037,-0.166934299,0.123838092,-0.385318534,0.089611177,-0.165703256,MN,Minnesota,27,"State Senate District 37 (2012), Minnesota",0.519836401,37,8627038,-0.321382463,0.12466796,-0.555071004,-0.068583943,-0.290011262,MN,Minnesota,27,"State Senate District 38 (2012), Minnesota",0.461572616,38,7827039,-0.290615953,0.131000263,-0.550252849,-0.031247435,-0.141018699,MN,Minnesota,27,"State Senate District 39 (2012), Minnesota",0.472064726,39,7227040,-0.68239352,0.141835793,-0.958716928,-0.416089158,-0.705475444,MN,Minnesota,27,"State Senate District 40 (2012), Minnesota",0.704030589,40,5527041,-0.20127454,0.148977263,-0.490243949,0.107565484,-0.089064333,MN,Minnesota,27,"State Senate District 41 (2012), Minnesota",0.623346484,41,5627042,-0.216435924,0.140262325,-0.495499699,0.066040899,-0.202654704,MN,Minnesota,27,"State Senate District 42 (2012), Minnesota",0.552283015,42,6427043,-0.236133619,0.122377761,-0.481875738,0.005746448,-0.098804384,MN,Minnesota,27,"State Senate District 43 (2012), Minnesota",0.580764407,43,7527044,-0.225581366,0.12721936,-0.476832709,0.023820047,-0.093120282,MN,Minnesota,27,"State Senate District 44 (2012), Minnesota",0.519620179,44,8027045,-0.471197833,0.120050926,-0.707472956,-0.239359225,-0.309166271,MN,Minnesota,27,"State Senate District 45 (2012), Minnesota",0.627404211,45,7827046,-0.614022803,0.118128874,-0.827437326,-0.372905674,-0.547868031,MN,Minnesota,27,"State Senate District 46 (2012), Minnesota",0.664254673,46,10527047,-0.11147409,0.164775652,-0.422723952,0.227869307,0.033829599,MN,Minnesota,27,"State Senate District 47 (2012), Minnesota",0.393794749,47,4027048,-0.091564964,0.129447041,-0.342765587,0.151202152,0.059525897,MN,Minnesota,27,"State Senate District 48 (2012), Minnesota",0.504149292,48,7727049,-0.262435045,0.134815116,-0.523055789,-0.000358564,-0.142844144,MN,Minnesota,27,"State Senate District 49 (2012), Minnesota",0.530062001,49,6927050,-0.107493555,0.136508463,-0.366608509,0.140720015,0.155410421,MN,Minnesota,27,"State Senate District 50 (2012), Minnesota",0.614716835,50,6327051,-0.217954097,0.13349382,-0.480764259,0.03712734,-0.160725736,MN,Minnesota,27,"State Senate District 51 (2012), Minnesota",0.544344028,51,7527052,-0.183780437,0.152680012,-0.464244957,0.125793522,-0.079145968,MN,Minnesota,27,"State Senate District 52 (2012), Minnesota",0.568932124,52,5227053,-0.110862568,0.169848424,-0.42034058,0.242093777,0.057651389,MN,Minnesota,27,"State Senate District 53 (2012), Minnesota",0.524144583,53,4727054,-0.123794497,0.156088015,-0.387696887,0.196064822,0.025104282,MN,Minnesota,27,"State Senate District 54 (2012), Minnesota",0.536727861,54,3827055,0.064538021,0.12972834,-0.190090798,0.325024316,0.304618858,MN,Minnesota,27,"State Senate District 55 (2012), Minnesota",0.426270784,55,7727056,-0.299888817,0.127474788,-0.530318913,-0.04536415,-0.258141849,MN,Minnesota,27,"State Senate District 56 (2012), Minnesota",0.491747672,56,7627057,-0.059153745,0.141233025,-0.363757595,0.218606048,0.14592156,MN,Minnesota,27,"State Senate District 57 (2012), Minnesota",0.506413188,57,6827058,-0.070016174,0.140906048,-0.359416412,0.21097351,0.101030645,MN,Minnesota,27,"State Senate District 58 (2012), Minnesota",0.431125393,58,5827059,-1.047181604,0.137618747,-1.307812538,-0.770713147,-1.090186478,MN,Minnesota,27,"State Senate District 59 (2012), Minnesota",0.840055853,59,6727060,-1.036284627,0.123925309,-1.286011579,-0.795467865,-1.049286524,MN,Minnesota,27,"State Senate District 60 (2012), Minnesota",0.802553789,60,7627061,-0.97956483,0.127804773,-1.225873952,-0.736034228,-1.141333364,MN,Minnesota,27,"State Senate District 61 (2012), Minnesota",0.799069645,61,8027062,-1.142258197,0.118739705,-1.374659442,-0.911854828,-1.173282438,MN,Minnesota,27,"State Senate District 62 (2012), Minnesota",0.899266139,62,9127063,-0.924900931,0.117600482,-1.14484671,-0.707799347,-1.068288853,MN,Minnesota,27,"State Senate District 63 (2012), Minnesota",0.803798128,63,9327064,-0.940712342,0.121123236,-1.172486331,-0.719417591,-1.097648347,MN,Minnesota,27,"State Senate District 64 (2012), Minnesota",0.754950049,64,8527065,-0.897158197,0.142466783,-1.173360745,-0.625145297,-1.040539966,MN,Minnesota,27,"State Senate District 65 (2012), Minnesota",0.827213763,65,7027066,-0.720361662,0.12734499,-0.958103499,-0.474309519,-0.771456791,MN,Minnesota,27,"State Senate District 66 (2012), Minnesota",0.727976767,66,8027067,-0.252527092,0.140164881,-0.52682997,0.024667569,-0.069888683,MN,Minnesota,27,"State Senate District 67 (2012), Minnesota",0.77076728,67,6128001,0.308520865,0.186070673,-0.077307062,0.645210259,0.459800139,MS,Mississippi,28,"State Senate District 1 (2012), Mississippi",NA,1,2228002,0.136423408,0.169970784,-0.193702228,0.474676688,0.009372558,MS,Mississippi,28,"State Senate District 2 (2012), Mississippi",NA,2,3528003,0.505791729,0.186496985,0.117949213,0.863497665,0.891469525,MS,Mississippi,28,"State Senate District 3 (2012), Mississippi",NA,3,2228004,0.374348139,0.160778283,0.03393082,0.674944098,0.566517275,MS,Mississippi,28,"State Senate District 4 (2012), Mississippi",NA,4,3528005,-0.002698537,0.168976272,-0.350096377,0.309069726,-0.017010315,MS,Mississippi,28,"State Senate District 5 (2012), Mississippi",NA,5,2928006,0.405129011,0.156778468,0.079894415,0.706300537,0.682237297,MS,Mississippi,28,"State Senate District 6 (2012), Mississippi",NA,6,3628007,-0.082139829,0.163028729,-0.436036663,0.218996692,0.196595025,MS,Mississippi,28,"State Senate District 7 (2012), Mississippi",NA,7,3628008,-0.059328179,0.176849598,-0.404190022,0.28772,0.070463633,MS,Mississippi,28,"State Senate District 8 (2012), Mississippi",NA,8,3028009,0.134154423,0.152252968,-0.153594118,0.420253332,0.25448526,MS,Mississippi,28,"State Senate District 9 (2012), Mississippi",NA,9,4028010,0.202482251,0.185338802,-0.18133766,0.572325163,0.032936804,MS,Mississippi,28,"State Senate District 10 (2012), Mississippi",NA,10,2228011,0.063673861,0.194561756,-0.290027765,0.460660214,0.206747662,MS,Mississippi,28,"State Senate District 11 (2012), Mississippi",NA,11,2328012,0.037282387,0.171762135,-0.2967833,0.371844111,0.070182679,MS,Mississippi,28,"State Senate District 12 (2012), Mississippi",NA,12,3228013,-0.092764049,0.183942089,-0.470842141,0.287672386,-0.242342767,MS,Mississippi,28,"State Senate District 13 (2012), Mississippi",NA,13,2728014,0.443988574,0.169789991,0.089765531,0.768706021,0.640132851,MS,Mississippi,28,"State Senate District 14 (2012), Mississippi",NA,14,3328015,0.295537626,0.173302083,-0.052922186,0.661159866,0.385434253,MS,Mississippi,28,"State Senate District 15 (2012), Mississippi",NA,15,3428016,0.106424579,0.159471542,-0.217437852,0.423720208,0.204115009,MS,Mississippi,28,"State Senate District 16 (2012), Mississippi",NA,16,3928017,0.498654608,0.161567697,0.170818831,0.81899383,0.77639654,MS,Mississippi,28,"State Senate District 17 (2012), Mississippi",NA,17,3728018,0.350698344,0.182822242,-0.022415005,0.692815595,0.415383433,MS,Mississippi,28,"State Senate District 18 (2012), Mississippi",NA,18,2828019,0.249156734,0.164985335,-0.078778126,0.577575473,0.292854852,MS,Mississippi,28,"State Senate District 19 (2012), Mississippi",NA,19,3728020,0.564757895,0.153530315,0.275080109,0.89635987,0.89666768,MS,Mississippi,28,"State Senate District 20 (2012), Mississippi",NA,20,5028021,0.050517952,0.168588971,-0.281965934,0.345980437,0.255408022,MS,Mississippi,28,"State Senate District 21 (2012), Mississippi",NA,21,2928022,0.172512745,0.191326654,-0.205535967,0.535272622,0.084092942,MS,Mississippi,28,"State Senate District 22 (2012), Mississippi",NA,22,1828023,0.373329027,0.182501961,0.023538024,0.688781112,0.728520822,MS,Mississippi,28,"State Senate District 23 (2012), Mississippi",NA,23,2828024,0.044511937,0.179746247,-0.279073092,0.392697519,0.303515491,MS,Mississippi,28,"State Senate District 24 (2012), Mississippi",NA,24,2328025,0.370517482,0.144624781,0.064331972,0.645286616,0.317477067,MS,Mississippi,28,"State Senate District 25 (2012), Mississippi",NA,25,6028026,-0.238627179,0.150281059,-0.52420265,0.052818356,-0.520113036,MS,Mississippi,28,"State Senate District 26 (2012), Mississippi",NA,26,4028027,-0.349121736,0.167714749,-0.653202799,-0.024264469,-0.74756937,MS,Mississippi,28,"State Senate District 27 (2012), Mississippi",NA,27,3628028,-0.218730092,0.156477245,-0.542370771,0.084051718,-0.496598039,MS,Mississippi,28,"State Senate District 28 (2012), Mississippi",NA,28,3628029,0.01353306,0.138809928,-0.261553137,0.266807438,-0.145260712,MS,Mississippi,28,"State Senate District 29 (2012), Mississippi",NA,29,6228030,0.264122425,0.162140753,-0.029080112,0.57185508,0.479493019,MS,Mississippi,28,"State Senate District 30 (2012), Mississippi",NA,30,3928031,0.435797832,0.161398513,0.11173803,0.738055059,0.574891071,MS,Mississippi,28,"State Senate District 31 (2012), Mississippi",NA,31,3628032,0.01181088,0.158107818,-0.298221892,0.307841868,0.11766414,MS,Mississippi,28,"State Senate District 32 (2012), Mississippi",NA,32,4228033,0.337447789,0.171222768,0.016144447,0.688568752,0.253495768,MS,Mississippi,28,"State Senate District 33 (2012), Mississippi",NA,33,3128034,-0.176887017,0.160466845,-0.4713548,0.148333065,-0.318910587,MS,Mississippi,28,"State Senate District 34 (2012), Mississippi",NA,34,3528035,0.410855178,0.142291708,0.127966122,0.675632737,0.551232293,MS,Mississippi,28,"State Senate District 35 (2012), Mississippi",NA,35,5728036,-0.121490319,0.186498222,-0.473431699,0.248554695,0.052429518,MS,Mississippi,28,"State Senate District 36 (2012), Mississippi",NA,36,2528037,0.191213722,0.177737594,-0.187522001,0.534061405,0.172584288,MS,Mississippi,28,"State Senate District 37 (2012), Mississippi",NA,37,2728038,0.024133397,0.175630723,-0.304070054,0.370955582,0.40628921,MS,Mississippi,28,"State Senate District 38 (2012), Mississippi",NA,38,2828039,0.38010229,0.183437841,0.019095894,0.765570411,0.352748767,MS,Mississippi,28,"State Senate District 39 (2012), Mississippi",NA,39,2428040,0.41954627,0.171774637,0.057382955,0.749207157,0.602890361,MS,Mississippi,28,"State Senate District 40 (2012), Mississippi",NA,40,3728041,0.362741642,0.171441176,0.061042367,0.689111849,0.625477059,MS,Mississippi,28,"State Senate District 41 (2012), Mississippi",NA,41,3028042,0.621931469,0.182562627,0.272796177,0.984225321,1.087810639,MS,Mississippi,28,"State Senate District 42 (2012), Mississippi",NA,42,2128043,0.403825501,0.190849445,0.051935563,0.773201405,0.89448618,MS,Mississippi,28,"State Senate District 43 (2012), Mississippi",NA,43,2128044,0.082958032,0.146272273,-0.220152978,0.386414728,0.210526133,MS,Mississippi,28,"State Senate District 44 (2012), Mississippi",NA,44,4728045,0.099222518,0.172547542,-0.252178629,0.448987823,0.075943427,MS,Mississippi,28,"State Senate District 45 (2012), Mississippi",NA,45,3228046,0.156849559,0.144297604,-0.147993459,0.414441037,0.161202553,MS,Mississippi,28,"State Senate District 46 (2012), Mississippi",NA,46,5228047,0.310629127,0.162017292,0.003917594,0.631558624,0.535748229,MS,Mississippi,28,"State Senate District 47 (2012), Mississippi",NA,47,4028048,0.058923301,0.166472288,-0.268210469,0.364810912,0.258259051,MS,Mississippi,28,"State Senate District 48 (2012), Mississippi",NA,48,3728049,0.29605263,0.154921874,-0.007616796,0.601219813,0.448239244,MS,Mississippi,28,"State Senate District 49 (2012), Mississippi",NA,49,4428050,0.059583969,0.161352273,-0.24506609,0.37327174,0.078328454,MS,Mississippi,28,"State Senate District 50 (2012), Mississippi",NA,50,3728051,0.281159402,0.169701851,-0.050791581,0.629094221,0.647248825,MS,Mississippi,28,"State Senate District 51 (2012), Mississippi",NA,51,3328052,0.378394202,0.147710108,0.096113041,0.664779073,0.782153881,MS,Mississippi,28,"State Senate District 52 (2012), Mississippi",NA,52,4929001,-0.001884641,0.099995859,-0.200094661,0.203222151,0.004944151,MO,Missouri,29,"State Senate District 1 (2012), Missouri",0.513568246,1,17729002,0.188063484,0.103016772,-0.011337461,0.39366484,0.262622786,MO,Missouri,29,"State Senate District 2 (2012), Missouri",0.373011885,2,12729003,0.428338144,0.108734184,0.215493316,0.651517613,0.525225279,MO,Missouri,29,"State Senate District 3 (2012), Missouri",0.423701175,3,13129004,-0.578590718,0.096956088,-0.775960999,-0.382807897,-0.686915666,MO,Missouri,29,"State Senate District 4 (2012), Missouri",0.738949931,4,14429005,-0.629456858,0.106237169,-0.836948848,-0.422244996,-0.66112789,MO,Missouri,29,"State Senate District 5 (2012), Missouri",0.888901105,5,14129006,0.251934588,0.099459719,0.064217776,0.446275721,0.317374289,MO,Missouri,29,"State Senate District 6 (2012), Missouri",0.297648245,6,15929007,-0.46134075,0.07803379,-0.614368152,-0.307945605,-0.497148129,MO,Missouri,29,"State Senate District 7 (2012), Missouri",0.667498604,7,23629008,0.381683233,0.101490468,0.191148034,0.574075315,0.517383656,MO,Missouri,29,"State Senate District 8 (2012), Missouri",0.400388796,8,15329009,-0.587509944,0.105984122,-0.790468928,-0.360158937,-0.592332533,MO,Missouri,29,"State Senate District 9 (2012), Missouri",0.841901915,9,14029010,0.3838753,0.113701832,0.156620043,0.606541055,0.479346903,MO,Missouri,29,"State Senate District 10 (2012), Missouri",0.351260114,10,12929011,-0.002768024,0.104230931,-0.20728259,0.199640745,0.026164221,MO,Missouri,29,"State Senate District 11 (2012), Missouri",0.510194976,11,13529012,0.38220424,0.099224624,0.18367072,0.571766856,0.454225959,MO,Missouri,29,"State Senate District 12 (2012), Missouri",0.338371117,12,14529013,-0.424165415,0.092123097,-0.608552122,-0.250451287,-0.531580592,MO,Missouri,29,"State Senate District 13 (2012), Missouri",0.783623344,13,15529014,-0.505760608,0.102212502,-0.701460489,-0.313632928,-0.564873143,MO,Missouri,29,"State Senate District 14 (2012), Missouri",0.830442782,14,15029015,-0.045597285,0.08103264,-0.192728818,0.113521372,-0.061824839,MO,Missouri,29,"State Senate District 15 (2012), Missouri",0.397718223,15,19629016,0.288838952,0.096044745,0.107377086,0.469546538,0.36022894,MO,Missouri,29,"State Senate District 16 (2012), Missouri",0.306944302,16,17029017,-0.062725693,0.102175703,-0.265442913,0.144044175,-0.015820036,MO,Missouri,29,"State Senate District 17 (2012), Missouri",0.478834966,17,17629018,0.360679672,0.108583691,0.137275043,0.598525014,0.392695205,MO,Missouri,29,"State Senate District 18 (2012), Missouri",0.358273836,18,13729019,-0.197562511,0.097963026,-0.395086611,-0.004377557,-0.19722168,MO,Missouri,29,"State Senate District 19 (2012), Missouri",0.50017728,19,16329020,0.356989835,0.088007949,0.184042577,0.519126496,0.449797705,MO,Missouri,29,"State Senate District 20 (2012), Missouri",0.279418482,20,18729021,0.301817623,0.098119102,0.093789585,0.481261216,0.359452865,MO,Missouri,29,"State Senate District 21 (2012), Missouri",0.372470623,21,14029022,0.150549605,0.107817552,-0.060118536,0.382817465,0.208314264,MO,Missouri,29,"State Senate District 22 (2012), Missouri",0.43317367,22,15429023,0.184417837,0.081411658,0.024580147,0.339339871,0.18930867,MO,Missouri,29,"State Senate District 23 (2012), Missouri",0.4138321,23,21029024,-0.133118585,0.088636949,-0.311078454,0.037144907,-0.229968192,MO,Missouri,29,"State Senate District 24 (2012), Missouri",0.512876747,24,18429025,0.303215587,0.124242593,0.076438881,0.557442953,0.298123413,MO,Missouri,29,"State Senate District 25 (2012), Missouri",0.31979024,25,8929026,0.312143162,0.095541213,0.115480323,0.49596411,0.421485906,MO,Missouri,29,"State Senate District 26 (2012), Missouri",0.339045607,26,15429027,0.530278137,0.104021159,0.33057757,0.726834669,0.594458544,MO,Missouri,29,"State Senate District 27 (2012), Missouri",0.287025006,27,12829028,0.402969705,0.095392719,0.225922772,0.589604504,0.482771882,MO,Missouri,29,"State Senate District 28 (2012), Missouri",0.30861734,28,17429029,0.485850972,0.091311729,0.297008484,0.661760678,0.609773593,MO,Missouri,29,"State Senate District 29 (2012), Missouri",0.258634298,29,17629030,0.022418019,0.080501006,-0.128658557,0.172948438,0.064094707,MO,Missouri,29,"State Senate District 30 (2012), Missouri",0.433341113,30,22729031,0.320819901,0.102831635,0.128628484,0.525549836,0.376021118,MO,Missouri,29,"State Senate District 31 (2012), Missouri",0.340461728,31,14929032,0.384688319,0.092790373,0.195461944,0.562881953,0.535456992,MO,Missouri,29,"State Senate District 32 (2012), Missouri",0.277872669,32,16829033,0.379864943,0.096735192,0.194048914,0.570988833,0.425836883,MO,Missouri,29,"State Senate District 33 (2012), Missouri",0.279450714,33,15129034,0.194658443,0.09169048,0.013723682,0.374512308,0.235626013,MO,Missouri,29,"State Senate District 34 (2012), Missouri",0.43985224,34,17430001,0.533266146,0.173357614,0.182197199,0.859467071,0.74432312,MT,Montana,30,"State Senate District 1 (2012), Montana",0.296433964,1,3030002,0.172915841,0.194561756,-0.194720574,0.533044401,0.182501879,MT,Montana,30,"State Senate District 2 (2012), Montana",0.310136986,2,2230003,0.351546114,0.197731117,-0.071003497,0.7269211,0.820974961,MT,Montana,30,"State Senate District 3 (2012), Montana",0.40974764,3,1930004,0.055652332,0.183011373,-0.286953961,0.40455303,0.277568088,MT,Montana,30,"State Senate District 4 (2012), Montana",0.353743124,4,2330005,-0.012604072,0.192778068,-0.365573225,0.376171102,0.048105808,MT,Montana,30,"State Senate District 5 (2012), Montana",0.290116217,5,2030006,-0.003418422,0.183367331,-0.347589925,0.344041481,-0.058172448,MT,Montana,30,"State Senate District 6 (2012), Montana",0.350346373,6,2130007,0.337301178,0.194499628,-0.030230696,0.725438188,0.722111239,MT,Montana,30,"State Senate District 7 (2012), Montana",0.304210193,7,1730008,0.073556786,0.244266583,-0.365839009,0.527464458,0.470868111,MT,Montana,30,"State Senate District 8 (2012), Montana",0.660220553,8,530009,0.143136593,0.223198591,-0.259558497,0.59370113,0.077288075,MT,Montana,30,"State Senate District 9 (2012), Montana",0.311389876,9,1030010,0.301261983,0.196079969,-0.072165672,0.713054149,0.472147162,MT,Montana,30,"State Senate District 10 (2012), Montana",0.359244977,10,1730011,0.002595646,0.19187261,-0.337011761,0.377964916,-0.112684908,MT,Montana,30,"State Senate District 11 (2012), Montana",0.487286122,11,1430012,0.077107172,0.20060765,-0.299950114,0.482541133,-0.119829534,MT,Montana,30,"State Senate District 12 (2012), Montana",0.502297677,12,1630013,0.111105168,0.183351879,-0.243765775,0.459949241,0.211919684,MT,Montana,30,"State Senate District 13 (2012), Montana",0.506136852,13,2530014,0.320058399,0.185086046,-0.003129362,0.698939391,0.587860183,MT,Montana,30,"State Senate District 14 (2012), Montana",0.406641742,14,1930015,-0.014886858,0.200065759,-0.392163305,0.362581127,-0.309768053,MT,Montana,30,"State Senate District 15 (2012), Montana",0.277788688,15,1630016,0.060632321,0.224687879,-0.343754743,0.52000529,-0.049927124,MT,Montana,30,"State Senate District 16 (2012), Montana",0.641241299,16,830017,-0.022143029,0.206073942,-0.41486351,0.377622877,0.159558034,MT,Montana,30,"State Senate District 17 (2012), Montana",0.32122313,17,1330018,0.212667101,0.207408235,-0.181431561,0.614987994,0.329650239,MT,Montana,30,"State Senate District 18 (2012), Montana",0.249919172,18,1530019,0.150633768,0.194446846,-0.221177541,0.519796342,0.466317047,MT,Montana,30,"State Senate District 19 (2012), Montana",0.26777687,19,2030020,0.025592459,0.205707411,-0.400121346,0.431965751,0.21477707,MT,Montana,30,"State Senate District 20 (2012), Montana",0.25878896,20,1430021,0.102397799,0.237376045,-0.402260746,0.528226386,0.007388799,MT,Montana,30,"State Senate District 21 (2012), Montana",0.578741931,21,230022,0.174101658,0.189545494,-0.156046037,0.553234358,0.298341561,MT,Montana,30,"State Senate District 22 (2012), Montana",0.37736076,22,1730023,0.262834945,0.222678836,-0.162882768,0.685115791,0.293225969,MT,Montana,30,"State Senate District 23 (2012), Montana",0.349588939,23,1130024,-0.149699275,0.197773435,-0.537137908,0.22938651,-0.078260156,MT,Montana,30,"State Senate District 24 (2012), Montana",0.486422267,24,1830025,0.034428307,0.219316423,-0.385257385,0.426711472,0.321533874,MT,Montana,30,"State Senate District 25 (2012), Montana",0.513592233,25,1030026,-0.034104403,0.197324646,-0.441607733,0.34508254,0.082024994,MT,Montana,30,"State Senate District 26 (2012), Montana",0.464252676,26,1830027,0.159881811,0.180397362,-0.176082037,0.497302554,0.486105476,MT,Montana,30,"State Senate District 27 (2012), Montana",0.310960371,27,1930028,-0.136053425,0.185521458,-0.510553753,0.243186825,-0.177947622,MT,Montana,30,"State Senate District 28 (2012), Montana",0.385880418,28,2230029,0.285688655,0.172471787,-0.063406455,0.606080298,0.395183465,MT,Montana,30,"State Senate District 29 (2012), Montana",0.326631259,29,2530030,0.178621765,0.209337356,-0.235884232,0.582397242,0.199292787,MT,Montana,30,"State Senate District 30 (2012), Montana",0.412158973,30,1830031,0.131506646,0.196735733,-0.262427315,0.503277748,0.13067611,MT,Montana,30,"State Senate District 31 (2012), Montana",0.561034627,31,1930032,0.046629323,0.194432406,-0.327173612,0.440970259,0.330032173,MT,Montana,30,"State Senate District 32 (2012), Montana",0.489237392,32,2330033,-0.070077684,0.205806152,-0.494518738,0.335956277,0.104747641,MT,Montana,30,"State Senate District 33 (2012), Montana",0.575467901,33,1330034,0.240804744,0.192847511,-0.183507058,0.608346826,0.505063646,MT,Montana,30,"State Senate District 34 (2012), Montana",0.341882223,34,2030035,0.362358367,0.17293145,0.063247007,0.747596527,0.629174671,MT,Montana,30,"State Senate District 35 (2012), Montana",0.293846009,35,2730036,0.463208061,0.200597271,0.07106828,0.873766198,0.831267514,MT,Montana,30,"State Senate District 36 (2012), Montana",0.31165262,36,1830037,-0.013399082,0.200904222,-0.400311979,0.364035398,0.18610552,MT,Montana,30,"State Senate District 37 (2012), Montana",0.699407872,37,1530038,-0.020493063,0.214462668,-0.435044356,0.37487985,0.081763969,MT,Montana,30,"State Senate District 38 (2012), Montana",0.504863988,38,930039,-0.170687499,0.207679112,-0.569048593,0.277166809,-0.457797668,MT,Montana,30,"State Senate District 39 (2012), Montana",0.546027459,39,1630040,0.072384691,0.176417208,-0.260936525,0.39743621,0.139681004,MT,Montana,30,"State Senate District 40 (2012), Montana",0.424415877,40,2730041,-0.183767467,0.174435562,-0.512044083,0.143957293,-0.324264939,MT,Montana,30,"State Senate District 41 (2012), Montana",0.537844612,41,2730042,0.324502454,0.173342521,-0.012216378,0.641232315,0.600305401,MT,Montana,30,"State Senate District 42 (2012), Montana",0.511679061,42,2430043,-0.049988098,0.190054405,-0.421754969,0.307419827,-0.028702826,MT,Montana,30,"State Senate District 43 (2012), Montana",0.34054202,43,2130044,0.200098957,0.190882894,-0.172319606,0.583420315,0.52580856,MT,Montana,30,"State Senate District 44 (2012), Montana",0.334148406,44,1930045,-0.064948818,0.187585051,-0.420690347,0.290498031,-0.433353254,MT,Montana,30,"State Senate District 45 (2012), Montana",0.606024337,45,1930046,-0.375947913,0.175963286,-0.689471581,-0.037891822,-0.737659552,MT,Montana,30,"State Senate District 46 (2012), Montana",0.62631288,46,2330047,-0.17454616,0.196161983,-0.554280597,0.206842724,-0.024890494,MT,Montana,30,"State Senate District 47 (2012), Montana",0.507316524,47,1930048,-0.090365935,0.203799828,-0.490687759,0.307071729,-0.047956542,MT,Montana,30,"State Senate District 48 (2012), Montana",0.581251382,48,1730049,-0.360115603,0.173600273,-0.702532945,-0.0015619,-0.449647254,MT,Montana,30,"State Senate District 49 (2012), Montana",0.50546867,49,3130050,0.073779555,0.188370033,-0.30321884,0.42828951,0.56744075,MT,Montana,30,"State Senate District 50 (2012), Montana",0.663034288,50,2231001,0.323586845,0.193696564,-0.058064197,0.710661753,0.387690807,NE,Nebraska,31,"State Senate District 1 (2012), Nebraska",NA,1,2231002,-0.036344168,0.167539104,-0.361411011,0.293964072,-0.147958801,NE,Nebraska,31,"State Senate District 2 (2012), Nebraska",NA,2,3531003,0.367570282,0.153672869,0.054752715,0.677887316,0.663505121,NE,Nebraska,31,"State Senate District 3 (2012), Nebraska",NA,3,4631004,-0.11654423,0.184103464,-0.48190297,0.233421217,-0.179857485,NE,Nebraska,31,"State Senate District 4 (2012), Nebraska",NA,4,3131005,0.076141365,0.153627978,-0.222334024,0.370962876,0.248263254,NE,Nebraska,31,"State Senate District 5 (2012), Nebraska",NA,5,4931006,-0.314901914,0.160013736,-0.624164694,0.000295044,-0.485400162,NE,Nebraska,31,"State Senate District 6 (2012), Nebraska",NA,6,4131007,-0.108213232,0.199450099,-0.489370176,0.287664195,-0.680312647,NE,Nebraska,31,"State Senate District 7 (2012), Nebraska",NA,7,1531008,-0.139982523,0.169577917,-0.475029001,0.180149101,-0.278116584,NE,Nebraska,31,"State Senate District 8 (2012), Nebraska",NA,8,3431009,-0.105457515,0.157140377,-0.421308824,0.178701485,-0.13043296,NE,Nebraska,31,"State Senate District 9 (2012), Nebraska",NA,9,4831010,0.185658291,0.145934119,-0.076347558,0.482999178,0.307561447,NE,Nebraska,31,"State Senate District 10 (2012), Nebraska",NA,10,5831011,-0.295808435,0.179026924,-0.647990858,0.039582007,-0.336906841,NE,Nebraska,31,"State Senate District 11 (2012), Nebraska",NA,11,2631012,0.118913819,0.139367683,-0.128671601,0.408066812,0.225208407,NE,Nebraska,31,"State Senate District 12 (2012), Nebraska",NA,12,5831013,0.065244672,0.185672262,-0.315959801,0.40215967,0.329286779,NE,Nebraska,31,"State Senate District 13 (2012), Nebraska",NA,13,2731014,0.37540508,0.160515121,0.067236275,0.68483106,0.724203149,NE,Nebraska,31,"State Senate District 14 (2012), Nebraska",NA,14,4831015,0.213638849,0.187778194,-0.143921335,0.584163103,0.229327966,NE,Nebraska,31,"State Senate District 15 (2012), Nebraska",NA,15,2331016,0.095931314,0.180881788,-0.261503221,0.433438322,0.135200755,NE,Nebraska,31,"State Senate District 16 (2012), Nebraska",NA,16,2431017,0.405263267,0.196881043,0.039283559,0.816086045,1.073977881,NE,Nebraska,31,"State Senate District 17 (2012), Nebraska",NA,17,1631018,0.128971,0.141849362,-0.141739802,0.395739011,0.255834651,NE,Nebraska,31,"State Senate District 18 (2012), Nebraska",NA,18,5431019,0.27691603,0.173398707,-0.032065776,0.635483223,0.176191862,NE,Nebraska,31,"State Senate District 19 (2012), Nebraska",NA,19,2131020,0.206309878,0.150313457,-0.099782937,0.491800325,0.31652294,NE,Nebraska,31,"State Senate District 20 (2012), Nebraska",NA,20,5031021,0.07668333,0.160195125,-0.227519073,0.379071767,0.078572151,NE,Nebraska,31,"State Senate District 21 (2012), Nebraska",NA,21,3731022,0.434624269,0.17582051,0.095445857,0.789133198,0.893831191,NE,Nebraska,31,"State Senate District 22 (2012), Nebraska",NA,22,3431023,0.184134348,0.165474494,-0.135355746,0.490866538,0.335969622,NE,Nebraska,31,"State Senate District 23 (2012), Nebraska",NA,23,3931024,0.23688391,0.169927026,-0.098663455,0.556557415,0.425039408,NE,Nebraska,31,"State Senate District 24 (2012), Nebraska",NA,24,3131025,-0.09446656,0.166667506,-0.4228118,0.220475757,-0.25824457,NE,Nebraska,31,"State Senate District 25 (2012), Nebraska",NA,25,3331026,0.204628479,0.160954914,-0.104629815,0.5182757,0.374108156,NE,Nebraska,31,"State Senate District 26 (2012), Nebraska",NA,26,4431027,-0.103488809,0.175178029,-0.469582703,0.226997093,-0.151043822,NE,Nebraska,31,"State Senate District 27 (2012), Nebraska",NA,27,3331028,-0.19294737,0.170064557,-0.517974678,0.154307553,-0.183463923,NE,Nebraska,31,"State Senate District 28 (2012), Nebraska",NA,28,3131029,-0.197364855,0.14309652,-0.48973659,0.097733457,-0.344132874,NE,Nebraska,31,"State Senate District 29 (2012), Nebraska",NA,29,5231030,0.167125187,0.173014463,-0.172316992,0.500864684,0.325522075,NE,Nebraska,31,"State Senate District 30 (2012), Nebraska",NA,30,2631031,0.325174421,0.168696714,-0.011613511,0.674835205,0.636425546,NE,Nebraska,31,"State Senate District 31 (2012), Nebraska",NA,31,3631032,0.259539305,0.186298209,-0.142159291,0.627095165,0.659056233,NE,Nebraska,31,"State Senate District 32 (2012), Nebraska",NA,32,2031033,0.328704654,0.191866028,-0.051111814,0.690763654,0.542434407,NE,Nebraska,31,"State Senate District 33 (2012), Nebraska",NA,33,2231034,0.448208221,0.184821281,0.070731221,0.812001459,1.005449224,NE,Nebraska,31,"State Senate District 34 (2012), Nebraska",NA,34,2331035,0.08576633,0.18538732,-0.265062829,0.441814209,0.213472068,NE,Nebraska,31,"State Senate District 35 (2012), Nebraska",NA,35,2631036,0.387833616,0.186575769,0.03981702,0.740339601,0.922584954,NE,Nebraska,31,"State Senate District 36 (2012), Nebraska",NA,36,2031037,0.023043301,0.188819231,-0.332666829,0.386652666,0.199527557,NE,Nebraska,31,"State Senate District 37 (2012), Nebraska",NA,37,2231038,0.382178251,0.185379365,0.028193738,0.771358019,0.865190169,NE,Nebraska,31,"State Senate District 38 (2012), Nebraska",NA,38,2331039,0.17871406,0.171638694,-0.146719625,0.501394416,0.368212572,NE,Nebraska,31,"State Senate District 39 (2012), Nebraska",NA,39,3131040,0.460778633,0.191427893,0.078580975,0.80161926,1.103087808,NE,Nebraska,31,"State Senate District 40 (2012), Nebraska",NA,40,2031041,0.19050567,0.157390403,-0.102843587,0.514255658,0.194741139,NE,Nebraska,31,"State Senate District 41 (2012), Nebraska",NA,41,3631042,0.243728065,0.171565325,-0.06867923,0.585822051,0.627674452,NE,Nebraska,31,"State Senate District 42 (2012), Nebraska",NA,42,2531043,-0.012491642,0.176255426,-0.345826058,0.371611337,-0.068931545,NE,Nebraska,31,"State Senate District 43 (2012), Nebraska",NA,43,2931044,0.413288909,0.165494691,0.081542728,0.727357487,0.729864792,NE,Nebraska,31,"State Senate District 44 (2012), Nebraska",NA,44,3431045,-0.024468568,0.159321507,-0.337511204,0.275948157,-0.003103901,NE,Nebraska,31,"State Senate District 45 (2012), Nebraska",NA,45,3931046,-0.290848215,0.158706209,-0.593796835,0.027444647,-0.429053613,NE,Nebraska,31,"State Senate District 46 (2012), Nebraska",NA,46,4031047,-0.014669663,0.205506684,-0.412227585,0.39247998,-0.228543133,NE,Nebraska,31,"State Senate District 47 (2012), Nebraska",NA,47,1431048,0.021920725,0.183422483,-0.328401592,0.3680102,0.011569545,NE,Nebraska,31,"State Senate District 48 (2012), Nebraska",NA,48,3031049,-0.140144495,0.173718185,-0.473802095,0.181533236,-0.142900904,NE,Nebraska,31,"State Senate District 49 (2012), Nebraska",NA,49,3032001,0.101071958,0.107112882,-0.103513193,0.300195179,0.292856028,NV,Nevada,32,"State Senate District 1 (2012), Nevada",0.636457194,1,12232002,-0.36631867,0.113361681,-0.600978067,-0.147863639,-0.375322396,NV,Nevada,32,"State Senate District 2 (2012), Nevada",0.813204654,2,9732003,-0.053535651,0.099519116,-0.250058706,0.136411314,0.142999604,NV,Nevada,32,"State Senate District 3 (2012), Nevada",0.657838542,3,14332004,-0.285300125,0.130974409,-0.531189754,-0.007843174,-0.031467082,NV,Nevada,32,"State Senate District 4 (2012), Nevada",0.812831433,4,7032005,-0.104851917,0.102159241,-0.326172238,0.070422162,-0.01145209,NV,Nevada,32,"State Senate District 5 (2012), Nevada",0.531213525,5,12232006,-0.200782968,0.092044032,-0.367980068,-0.008099345,-0.068518953,NV,Nevada,32,"State Senate District 6 (2012), Nevada",0.526133825,6,15232007,0.046305211,0.100116731,-0.16037499,0.228266117,0.183523341,NV,Nevada,32,"State Senate District 7 (2012), Nevada",0.638144818,7,14632008,-0.055679818,0.100772835,-0.249928267,0.139765937,0.037208513,NV,Nevada,32,"State Senate District 8 (2012), Nevada",0.496748906,8,15232009,-0.106757484,0.112673721,-0.341617438,0.109066886,0.047133749,NV,Nevada,32,"State Senate District 9 (2012), Nevada",0.548739606,9,10032010,-0.213074997,0.112858229,-0.42987263,0.017970112,-0.130537356,NV,Nevada,32,"State Senate District 10 (2012), Nevada",0.695019902,10,12232011,-0.042502826,0.118482355,-0.276082537,0.187820236,0.14419205,NV,Nevada,32,"State Senate District 11 (2012), Nevada",0.626198837,11,9732012,0.002305915,0.089450002,-0.167469518,0.175895982,0.160362619,NV,Nevada,32,"State Senate District 12 (2012), Nevada",0.420178172,12,17332013,-0.078336326,0.107818914,-0.278645889,0.152778466,0.08669126,NV,Nevada,32,"State Senate District 13 (2012), Nevada",0.654655582,13,13732014,0.258817933,0.105101439,0.064705551,0.467301079,0.470722593,NV,Nevada,32,"State Senate District 14 (2012), Nevada",0.430380213,14,12532015,-0.335953192,0.093304519,-0.530260521,-0.158131808,-0.256754163,NV,Nevada,32,"State Senate District 15 (2012), Nevada",0.520015973,15,16732016,0.06834894,0.098837011,-0.119449757,0.260217582,0.203474209,NV,Nevada,32,"State Senate District 16 (2012), Nevada",0.438896731,16,14732017,0.246268634,0.090367351,0.063783675,0.42308294,0.427828209,NV,Nevada,32,"State Senate District 17 (2012), Nevada",0.35000681,17,19532018,-0.076626582,0.098455176,-0.267997606,0.123052823,0.06083783,NV,Nevada,32,"State Senate District 18 (2012), Nevada",0.475523971,18,15032019,0.044565164,0.100750111,-0.1432666,0.252348262,0.119642123,NV,Nevada,32,"State Senate District 19 (2012), Nevada",0.306768436,19,14632020,0.14273131,0.095075124,-0.032933579,0.305071074,0.205444284,NV,Nevada,32,"State Senate District 20 (2012), Nevada",0.491854521,20,15532021,-0.249825091,0.12292832,-0.479243082,0.006071315,-0.212918125,NV,Nevada,32,"State Senate District 21 (2012), Nevada",0.634005108,21,8833001,0.131365423,0.135638969,-0.129707295,0.412847186,0.186858467,NH,New Hampshire,33,"State Senate District 1 (2012), New Hampshire",0.578360755,1,6233002,-0.148148236,0.139873899,-0.427097436,0.108948647,-0.167475579,NH,New Hampshire,33,"State Senate District 2 (2012), New Hampshire",0.53365004,2,7033003,-0.264829518,0.134945686,-0.536362889,0.022484378,-0.300427449,NH,New Hampshire,33,"State Senate District 3 (2012), New Hampshire",0.496159705,3,6833004,-0.192779277,0.150422457,-0.498825281,0.106315051,-0.354311415,NH,New Hampshire,33,"State Senate District 4 (2012), New Hampshire",0.590430972,4,5133005,-0.438502652,0.14281928,-0.704577993,-0.156541751,-0.51407879,NH,New Hampshire,33,"State Senate District 5 (2012), New Hampshire",0.680135135,5,6033006,0.014597827,0.130770112,-0.234992513,0.281390158,0.171432956,NH,New Hampshire,33,"State Senate District 6 (2012), New Hampshire",0.488717872,6,6733007,-0.095625455,0.141191386,-0.378351556,0.177667773,0.042365023,NH,New Hampshire,33,"State Senate District 7 (2012), New Hampshire",0.522946435,7,6333008,-0.249981469,0.129895814,-0.497034568,0.014645409,-0.258707487,NH,New Hampshire,33,"State Senate District 8 (2012), New Hampshire",0.518464339,8,8733009,0.057899305,0.160390471,-0.266448158,0.358487693,-0.000921373,NH,New Hampshire,33,"State Senate District 9 (2012), New Hampshire",0.482926677,9,4133010,-0.221557416,0.133835182,-0.487345847,0.046679779,-0.320288458,NH,New Hampshire,33,"State Senate District 10 (2012), New Hampshire",0.659415133,10,6833011,0.10605656,0.125197295,-0.130459752,0.349184909,0.399229789,NH,New Hampshire,33,"State Senate District 11 (2012), New Hampshire",0.483677757,11,7533012,-0.044262088,0.146816719,-0.359522516,0.23343018,0.064434234,NH,New Hampshire,33,"State Senate District 12 (2012), New Hampshire",0.478957398,12,5733013,-0.280654376,0.134702691,-0.552006758,-0.014286787,-0.330143503,NH,New Hampshire,33,"State Senate District 13 (2012), New Hampshire",0.597722811,13,6533014,-0.075424036,0.142701077,-0.347647067,0.202013274,0.097595748,NH,New Hampshire,33,"State Senate District 14 (2012), New Hampshire",0.435794373,14,6333015,-0.393185294,0.122231034,-0.642609069,-0.153236833,-0.545515384,NH,New Hampshire,33,"State Senate District 15 (2012), New Hampshire",0.643303662,15,8633016,-0.098704463,0.12933375,-0.374397453,0.150200325,-0.013317099,NH,New Hampshire,33,"State Senate District 16 (2012), New Hampshire",0.494610858,16,6633017,-0.072980394,0.132848878,-0.343386414,0.186294858,0.042973901,NH,New Hampshire,33,"State Senate District 17 (2012), New Hampshire",0.49267772,17,7433018,-0.140985857,0.144312214,-0.403775374,0.168409746,-0.008662325,NH,New Hampshire,33,"State Senate District 18 (2012), New Hampshire",0.518797902,18,5933019,-0.108657865,0.14251887,-0.383553986,0.16519106,-0.028590874,NH,New Hampshire,33,"State Senate District 19 (2012), New Hampshire",0.428469315,19,5933020,-0.034230191,0.133186662,-0.29027581,0.214066744,0.032624006,NH,New Hampshire,33,"State Senate District 20 (2012), New Hampshire",0.546304621,20,6733021,-0.258825346,0.143173411,-0.511447937,0.030653472,-0.285696235,NH,New Hampshire,33,"State Senate District 21 (2012), New Hampshire",0.659440605,21,5733022,-0.13753849,0.13777752,-0.401911364,0.164754026,-0.073744197,NH,New Hampshire,33,"State Senate District 22 (2012), New Hampshire",0.410818615,22,6333023,-0.041264709,0.140791902,-0.319795592,0.253901695,0.063819952,NH,New Hampshire,33,"State Senate District 23 (2012), New Hampshire",0.482316388,23,6033024,-0.040471206,0.146315699,-0.328470963,0.234637319,0.223908129,NH,New Hampshire,33,"State Senate District 24 (2012), New Hampshire",0.488104862,24,5234001,-0.033893362,0.095362426,-0.221309494,0.154104562,0.111412045,NJ,New Jersey,34,"State Senate District 1 (2012), New Jersey",NA,1,17234002,-0.221222918,0.094462348,-0.398985266,-0.043179888,-0.171631194,NJ,New Jersey,34,"State Senate District 2 (2012), New Jersey",NA,2,16034003,-0.339423091,0.089732835,-0.516675133,-0.154651401,-0.249328198,NJ,New Jersey,34,"State Senate District 3 (2012), New Jersey",NA,3,18534004,-0.141314312,0.084541791,-0.296226112,0.027046899,-0.104618167,NJ,New Jersey,34,"State Senate District 4 (2012), New Jersey",NA,4,21734005,-0.285686889,0.097447093,-0.472453369,-0.090136179,-0.21197045,NJ,New Jersey,34,"State Senate District 5 (2012), New Jersey",NA,5,16234006,-0.319820547,0.086526988,-0.488775233,-0.163229221,-0.294583789,NJ,New Jersey,34,"State Senate District 6 (2012), New Jersey",NA,6,19634007,-0.286486324,0.085031419,-0.447996422,-0.122513043,-0.317315198,NJ,New Jersey,34,"State Senate District 7 (2012), New Jersey",NA,7,20734008,-0.223061607,0.089138131,-0.391139359,-0.046130593,-0.219419808,NJ,New Jersey,34,"State Senate District 8 (2012), New Jersey",NA,8,18434009,0.051443318,0.081158352,-0.116920651,0.206695992,0.128390925,NJ,New Jersey,34,"State Senate District 9 (2012), New Jersey",NA,9,22234010,-0.15794399,0.081598378,-0.316410049,0.011305191,-0.106284358,NJ,New Jersey,34,"State Senate District 10 (2012), New Jersey",NA,10,22134011,-0.184270372,0.105587211,-0.389985621,0.010910698,-0.114520306,NJ,New Jersey,34,"State Senate District 11 (2012), New Jersey",NA,11,13834012,-0.282793762,0.085002068,-0.453000281,-0.124320626,-0.292733157,NJ,New Jersey,34,"State Senate District 12 (2012), New Jersey",NA,12,20234013,0.016135129,0.089802704,-0.175006221,0.194504883,0.135342517,NJ,New Jersey,34,"State Senate District 13 (2012), New Jersey",NA,13,18634014,-0.395616645,0.094170952,-0.57518554,-0.206158258,-0.393007226,NJ,New Jersey,34,"State Senate District 14 (2012), New Jersey",NA,14,15834015,-0.470594032,0.090760684,-0.64513318,-0.299550257,-0.494828497,NJ,New Jersey,34,"State Senate District 15 (2012), New Jersey",NA,15,17934016,-0.206951214,0.096916372,-0.386166981,-0.007108145,-0.153946096,NJ,New Jersey,34,"State Senate District 16 (2012), New Jersey",NA,16,15934017,-0.380792624,0.095723866,-0.586895275,-0.196296616,-0.399939398,NJ,New Jersey,34,"State Senate District 17 (2012), New Jersey",NA,17,15034018,-0.265972053,0.090596192,-0.452093358,-0.093392186,-0.22875397,NJ,New Jersey,34,"State Senate District 18 (2012), New Jersey",NA,18,18534019,-0.206469552,0.101822376,-0.422532497,-0.019189955,-0.137268043,NJ,New Jersey,34,"State Senate District 19 (2012), New Jersey",NA,19,14034020,-0.61909692,0.113360991,-0.848342941,-0.397581745,-0.645508314,NJ,New Jersey,34,"State Senate District 20 (2012), New Jersey",NA,20,10634021,-0.15140368,0.085559999,-0.321118573,0.013712473,-0.071497775,NJ,New Jersey,34,"State Senate District 21 (2012), New Jersey",NA,21,18934022,-0.322302007,0.102715366,-0.52439092,-0.13007362,-0.263244463,NJ,New Jersey,34,"State Senate District 22 (2012), New Jersey",NA,22,13134023,0.150544987,0.091826879,-0.032472046,0.322326587,0.254480806,NJ,New Jersey,34,"State Senate District 23 (2012), New Jersey",NA,23,18934024,0.128698231,0.081092293,-0.02694602,0.277366207,0.249006228,NJ,New Jersey,34,"State Senate District 24 (2012), New Jersey",NA,24,21634025,-0.120373467,0.09980305,-0.305905481,0.070232763,-0.063091946,NJ,New Jersey,34,"State Senate District 25 (2012), New Jersey",NA,25,14634026,-0.156313895,0.080338358,-0.31286981,-0.01009194,-0.072436281,NJ,New Jersey,34,"State Senate District 26 (2012), New Jersey",NA,26,20234027,-0.14146898,0.102304278,-0.336869332,0.043757722,-0.114037524,NJ,New Jersey,34,"State Senate District 27 (2012), New Jersey",NA,27,15034028,-0.627242988,0.100986253,-0.839157587,-0.423944873,-0.581022963,NJ,New Jersey,34,"State Senate District 28 (2012), New Jersey",NA,28,14734029,-0.410298935,0.112320597,-0.622378168,-0.18900115,-0.537774141,NJ,New Jersey,34,"State Senate District 29 (2012), New Jersey",NA,29,10234030,-0.005236219,0.11909013,-0.235072679,0.238766169,0.144022141,NJ,New Jersey,34,"State Senate District 30 (2012), New Jersey",NA,30,11234031,-0.698203016,0.107625109,-0.907527328,-0.485678825,-0.721627228,NJ,New Jersey,34,"State Senate District 31 (2012), New Jersey",NA,31,13134032,-0.384699258,0.124084305,-0.61657761,-0.141047381,-0.390203502,NJ,New Jersey,34,"State Senate District 32 (2012), New Jersey",NA,32,9334033,-0.599514425,0.107903401,-0.80543264,-0.40197025,-0.618886241,NJ,New Jersey,34,"State Senate District 33 (2012), New Jersey",NA,33,11234034,-0.727348018,0.097187329,-0.916966637,-0.546751718,-0.758870265,NJ,New Jersey,34,"State Senate District 34 (2012), New Jersey",NA,34,16834035,-0.41505622,0.107632359,-0.6162746,-0.20956644,-0.402698609,NJ,New Jersey,34,"State Senate District 35 (2012), New Jersey",NA,35,11834036,-0.18766413,0.101525912,-0.388531116,0.005234846,-0.104979621,NJ,New Jersey,34,"State Senate District 36 (2012), New Jersey",NA,36,13434037,-0.343847502,0.093609421,-0.546600957,-0.16753651,-0.402873939,NJ,New Jersey,34,"State Senate District 37 (2012), New Jersey",NA,37,15834038,-0.381507637,0.095891714,-0.567394949,-0.204590584,-0.309718525,NJ,New Jersey,34,"State Senate District 38 (2012), New Jersey",NA,38,17234039,-0.231542285,0.093995693,-0.423840639,-0.06079266,-0.188567954,NJ,New Jersey,34,"State Senate District 39 (2012), New Jersey",NA,39,17334040,-0.20566873,0.090822234,-0.380804599,-0.034755668,-0.109178701,NJ,New Jersey,34,"State Senate District 40 (2012), New Jersey",NA,40,16835001,0.422558227,0.179476423,0.084843474,0.793685064,1.086900389,NM,New Mexico,35,"State Senate District 1 (2012), New Mexico",0.276487252,1,2435002,-0.179370713,0.192032399,-0.525110725,0.192438036,0.082140394,NM,New Mexico,35,"State Senate District 2 (2012), New Mexico",0.223825874,2,2235003,0.00620572,0.243254817,-0.514702109,0.470460712,-0.090370777,NM,New Mexico,35,"State Senate District 3 (2012), New Mexico",0.672763029,3,335004,0.156444692,0.225339065,-0.268152894,0.581488739,0.226269586,NM,New Mexico,35,"State Senate District 4 (2012), New Mexico",0.686003621,4,835005,-0.290741147,0.188786714,-0.645254111,0.082880979,-0.050562447,NM,New Mexico,35,"State Senate District 5 (2012), New Mexico",0.703392375,5,2635006,-0.610561654,0.149440225,-0.892613168,-0.326293695,-0.573942932,NM,New Mexico,35,"State Senate District 6 (2012), New Mexico",0.755602705,6,4635007,0.048561753,0.152798936,-0.241965583,0.340730861,0.483518206,NM,New Mexico,35,"State Senate District 7 (2012), New Mexico",0.291297982,7,3635008,-0.293035929,0.151927111,-0.615646665,-0.012020439,-0.113402682,NM,New Mexico,35,"State Senate District 8 (2012), New Mexico",0.673575383,8,4335009,-0.108276356,0.145377391,-0.380439296,0.161104436,0.179745604,NM,New Mexico,35,"State Senate District 9 (2012), New Mexico",0.528525016,9,6335010,-0.135310879,0.144922188,-0.419873735,0.165524181,0.018917463,NM,New Mexico,35,"State Senate District 10 (2012), New Mexico",0.510020698,10,5735011,-0.361891195,0.154540961,-0.670030754,-0.068636418,-0.283687966,NM,New Mexico,35,"State Senate District 11 (2012), New Mexico",0.733590371,11,4035012,-0.675921748,0.17884852,-1.008657663,-0.325926003,-0.763094763,NM,New Mexico,35,"State Senate District 12 (2012), New Mexico",0.807823544,12,2835013,-0.301535537,0.143793226,-0.584522807,-0.037391627,-0.296389399,NM,New Mexico,35,"State Senate District 13 (2012), New Mexico",0.673871914,13,5835014,-0.463808066,0.177007835,-0.805719208,-0.132008347,-0.531175655,NM,New Mexico,35,"State Senate District 14 (2012), New Mexico",0.670123787,14,2935015,-0.504061772,0.14015094,-0.773336865,-0.258728437,-0.594216994,NM,New Mexico,35,"State Senate District 15 (2012), New Mexico",0.577996241,15,5735016,-0.652607407,0.151560247,-0.956592149,-0.341690587,-0.730392729,NM,New Mexico,35,"State Senate District 16 (2012), New Mexico",0.758410646,16,4135017,-0.388444318,0.132204483,-0.651874591,-0.14175162,-0.291852655,NM,New Mexico,35,"State Senate District 17 (2012), New Mexico",0.652579296,17,7135018,-0.26963117,0.135820653,-0.537459824,0.002554184,-0.083596154,NM,New Mexico,35,"State Senate District 18 (2012), New Mexico",0.498318791,18,6935019,0.017420684,0.144948395,-0.259632063,0.298204627,0.323308849,NM,New Mexico,35,"State Senate District 19 (2012), New Mexico",0.416470177,19,6535020,-0.079725343,0.13815593,-0.3348473,0.175415819,-0.027340361,NM,New Mexico,35,"State Senate District 20 (2012), New Mexico",0.475544912,20,5835021,-0.29088378,0.151750372,-0.598039155,-0.001509893,-0.315447804,NM,New Mexico,35,"State Senate District 21 (2012), New Mexico",0.423871278,21,5335022,-0.02856052,0.170379551,-0.376285092,0.291015272,-0.16480032,NM,New Mexico,35,"State Senate District 22 (2012), New Mexico",0.730135126,22,3035023,-0.01646113,0.139011163,-0.299683568,0.23643003,0.049290201,NM,New Mexico,35,"State Senate District 23 (2012), New Mexico",0.507363698,23,6435024,-0.617484042,0.166717056,-0.952896814,-0.290502143,-0.872980625,NM,New Mexico,35,"State Senate District 24 (2012), New Mexico",0.81952,24,4035025,-0.601024757,0.136711543,-0.866420987,-0.343304725,-0.750135909,NM,New Mexico,35,"State Senate District 25 (2012), New Mexico",0.790882093,25,6935026,-0.372414711,0.157006489,-0.679631648,-0.060339536,-0.396077098,NM,New Mexico,35,"State Senate District 26 (2012), New Mexico",0.677852349,26,4535027,-0.070938391,0.164014261,-0.394194398,0.250719692,0.14676778,NM,New Mexico,35,"State Senate District 27 (2012), New Mexico",0.304382683,27,3935028,-0.213637447,0.144897401,-0.505151175,0.057015598,-0.181163157,NM,New Mexico,35,"State Senate District 28 (2012), New Mexico",0.542679949,28,5035029,-0.180913816,0.137134022,-0.455147769,0.079356476,-0.023862773,NM,New Mexico,35,"State Senate District 29 (2012), New Mexico",0.55656367,29,5935030,0.279100637,0.166577382,-0.043751825,0.636697908,0.632925587,NM,New Mexico,35,"State Senate District 30 (2012), New Mexico",0.558009709,30,2935031,-0.067881899,0.177794609,-0.399929064,0.285570189,0.291478736,NM,New Mexico,35,"State Senate District 31 (2012), New Mexico",0.652185384,31,3035032,0.048092942,0.171061449,-0.278845748,0.35822596,0.322762787,NM,New Mexico,35,"State Senate District 32 (2012), New Mexico",0.439187383,32,3035033,0.261698958,0.157492934,-0.038880384,0.607035602,0.555323294,NM,New Mexico,35,"State Senate District 33 (2012), New Mexico",0.338975033,33,4335034,0.112225835,0.157403137,-0.197425802,0.423210923,0.434530475,NM,New Mexico,35,"State Senate District 34 (2012), New Mexico",0.325514205,34,4835035,0.004094935,0.157590133,-0.309363723,0.302912469,0.308044588,NM,New Mexico,35,"State Senate District 35 (2012), New Mexico",0.471381254,35,3935036,0.165885053,0.166348927,-0.161470006,0.492035007,0.347312793,NM,New Mexico,35,"State Senate District 36 (2012), New Mexico",0.544685352,36,4135037,-0.171495796,0.148688792,-0.456516665,0.109141465,-0.087240495,NM,New Mexico,35,"State Senate District 37 (2012), New Mexico",0.528697388,37,5935038,-0.082668645,0.147107802,-0.346363795,0.197155979,0.026663006,NM,New Mexico,35,"State Senate District 38 (2012), New Mexico",0.634103395,38,4835039,-0.228605036,0.154033449,-0.524350334,0.096976985,-0.138364511,NM,New Mexico,35,"State Senate District 39 (2012), New Mexico",0.582187259,39,4835040,-0.040979636,0.123914655,-0.279833348,0.201923447,0.090433748,NM,New Mexico,35,"State Senate District 40 (2012), New Mexico",0.449963436,40,8335041,0.139371472,0.173590423,-0.218057404,0.484943365,0.385719802,NM,New Mexico,35,"State Senate District 41 (2012), New Mexico",0.407868569,41,3035042,-0.187825198,0.184385616,-0.542262494,0.179625919,0.306208103,NM,New Mexico,35,"State Senate District 42 (2012), New Mexico",0.204643566,42,1936001,-0.183992935,0.085381235,-0.354450802,-0.031466573,-0.024055758,NY,New York,36,"State Senate District 1 (2012), New York",0.515299067,1,21036002,-0.220254274,0.087609185,-0.386315227,-0.049005344,-0.126959365,NY,New York,36,"State Senate District 2 (2012), New York",0.465549066,2,20836003,-0.348232839,0.077051023,-0.498878483,-0.208675309,-0.256378609,NY,New York,36,"State Senate District 3 (2012), New York",0.560829523,3,22836004,-0.279632839,0.082459027,-0.439922922,-0.110567644,-0.199394396,NY,New York,36,"State Senate District 4 (2012), New York",0.535277783,4,20836005,-0.397873036,0.088692484,-0.581394804,-0.230263738,-0.380547858,NY,New York,36,"State Senate District 5 (2012), New York",0.491734349,5,19336006,-0.274505018,0.08933363,-0.439975773,-0.102566177,-0.19873073,NY,New York,36,"State Senate District 6 (2012), New York",0.552642589,6,18836007,-0.290200814,0.102035788,-0.478537166,-0.089879291,-0.252865174,NY,New York,36,"State Senate District 7 (2012), New York",0.543685239,7,15936008,-0.280088319,0.086624954,-0.447483012,-0.105753351,-0.24779671,NY,New York,36,"State Senate District 8 (2012), New York",0.562581164,8,22536009,-0.264057763,0.085653173,-0.43661726,-0.103093927,-0.220247001,NY,New York,36,"State Senate District 9 (2012), New York",0.540193609,9,18236010,-0.739203264,0.105790732,-0.969689678,-0.546688402,-0.821788436,NY,New York,36,"State Senate District 10 (2012), New York",0.94560096,10,14336011,-0.284080914,0.103317887,-0.467201786,-0.083651309,-0.236215096,NY,New York,36,"State Senate District 11 (2012), New York",0.651020554,11,14036012,-0.714809616,0.087284672,-0.886673329,-0.553247079,-0.781131178,NY,New York,36,"State Senate District 12 (2012), New York",0.83986077,12,17136013,-0.595736294,0.119519666,-0.823378692,-0.35911204,-0.630840042,NY,New York,36,"State Senate District 13 (2012), New York",0.867882308,13,8136014,-0.806362826,0.10635583,-1.010107434,-0.607088906,-0.970126233,NY,New York,36,"State Senate District 14 (2012), New York",0.930161652,14,13136015,-0.399751802,0.09360689,-0.595711699,-0.216885172,-0.375381258,NY,New York,36,"State Senate District 15 (2012), New York",0.604435508,15,15036016,-0.404135421,0.097242614,-0.601796793,-0.195191429,-0.377601073,NY,New York,36,"State Senate District 16 (2012), New York",0.748114259,16,14436017,-0.565701402,0.106056493,-0.776133532,-0.370457853,-0.69199168,NY,New York,36,"State Senate District 17 (2012), New York",0.411514518,17,13236018,-0.680309398,0.106241172,-0.875101942,-0.477036797,-0.675457249,NY,New York,36,"State Senate District 18 (2012), New York",0.948403175,18,12236019,-0.714528488,0.10065886,-0.909913395,-0.529370909,-0.70518238,NY,New York,36,"State Senate District 19 (2012), New York",0.889818077,19,13836020,-0.758396095,0.099897215,-0.964688734,-0.572889508,-0.755969729,NY,New York,36,"State Senate District 20 (2012), New York",0.949645449,20,14536021,-0.852792938,0.088535311,-1.01998449,-0.676547948,-0.859711163,NY,New York,36,"State Senate District 21 (2012), New York",0.951221268,21,19036022,-0.258537513,0.10086387,-0.458603058,-0.066466926,-0.26396078,NY,New York,36,"State Senate District 22 (2012), New York",0.52592854,22,14636023,-0.448030167,0.092691949,-0.62696762,-0.253714437,-0.433401789,NY,New York,36,"State Senate District 23 (2012), New York",0.691748431,23,19036024,-0.228501495,0.095103158,-0.406410702,-0.038366359,-0.145639758,NY,New York,36,"State Senate District 24 (2012), New York",0.40739733,24,19036025,-1.077910006,0.085551801,-1.241462695,-0.921128461,-1.07541832,NY,New York,36,"State Senate District 25 (2012), New York",0.97567429,25,18336026,-0.799838427,0.092093252,-0.963165335,-0.5903762,-0.871014673,NY,New York,36,"State Senate District 26 (2012), New York",0.832378805,26,18636027,-0.906244468,0.074534496,-1.040642549,-0.756066055,-0.928021941,NY,New York,36,"State Senate District 27 (2012), New York",0.83888421,27,32936028,-0.688634513,0.081506684,-0.843029542,-0.536571984,-0.683099941,NY,New York,36,"State Senate District 28 (2012), New York",0.702298697,28,21936029,-0.842142858,0.08731471,-1.018514319,-0.678330627,-0.895047799,NY,New York,36,"State Senate District 29 (2012), New York",0.914783593,29,19436030,-1.043278574,0.086264041,-1.198532784,-0.874000165,-1.08048971,NY,New York,36,"State Senate District 30 (2012), New York",0.961299139,30,20036031,-0.888706939,0.086457513,-1.048229322,-0.720935035,-0.943800315,NY,New York,36,"State Senate District 31 (2012), New York",0.912850573,31,19936032,-0.81449571,0.096265092,-1.00800779,-0.627873332,-0.786265991,NY,New York,36,"State Senate District 32 (2012), New York",0.968992068,32,17536033,-0.734898379,0.104178488,-0.929874618,-0.549108445,-0.772923849,NY,New York,36,"State Senate District 33 (2012), New York",0.961748554,33,11636034,-0.463795318,0.085228065,-0.621779363,-0.291744674,-0.567076865,NY,New York,36,"State Senate District 34 (2012), New York",0.749803741,34,21536035,-0.691545914,0.085677315,-0.857886253,-0.529952809,-0.746005389,NY,New York,36,"State Senate District 35 (2012), New York",0.726215169,35,19636036,-0.646162501,0.093397238,-0.832617836,-0.463120417,-0.718082688,NY,New York,36,"State Senate District 36 (2012), New York",0.953951999,36,17936037,-0.292977944,0.094320346,-0.467230341,-0.123011944,-0.272693135,NY,New York,36,"State Senate District 37 (2012), New York",0.545355046,37,19036038,-0.358146386,0.098736484,-0.571663818,-0.174165269,-0.364245889,NY,New York,36,"State Senate District 38 (2012), New York",0.543694383,38,16936039,-0.201297496,0.082635653,-0.358975726,-0.02681308,-0.096094087,NY,New York,36,"State Senate District 39 (2012), New York",0.533478767,39,20536040,-0.234079743,0.089888188,-0.400232512,-0.055962752,-0.20251849,NY,New York,36,"State Senate District 40 (2012), New York",0.512491227,40,20736041,-0.325441422,0.081118837,-0.476852742,-0.161383599,-0.270444973,NY,New York,36,"State Senate District 41 (2012), New York",0.541856641,41,24036042,-0.138475418,0.081385475,-0.302134794,0.040014334,-0.045785034,NY,New York,36,"State Senate District 42 (2012), New York",0.547002366,42,23436043,-0.250267372,0.071041187,-0.389487911,-0.108037918,-0.187363884,NY,New York,36,"State Senate District 43 (2012), New York",0.539097572,43,27336044,-0.613371338,0.077037455,-0.756881975,-0.460953612,-0.621958945,NY,New York,36,"State Senate District 44 (2012), New York",0.687538892,44,27436045,-0.274397411,0.088142595,-0.438989032,-0.095417577,-0.227031071,NY,New York,36,"State Senate District 45 (2012), New York",0.572832613,45,20236046,-0.179291364,0.075812038,-0.308510418,-0.024927616,-0.094211349,NY,New York,36,"State Senate District 46 (2012), New York",0.547545812,46,25036047,-0.19556333,0.081444387,-0.343880912,-0.039517179,-0.104712903,NY,New York,36,"State Senate District 47 (2012), New York",0.493839699,47,21936048,-0.023138086,0.080407228,-0.17343887,0.137758091,0.072719352,NY,New York,36,"State Senate District 48 (2012), New York",0.523571802,48,23236049,-0.183419626,0.077615724,-0.326079526,-0.032447871,-0.061574431,NY,New York,36,"State Senate District 49 (2012), New York",0.52189452,49,25536050,-0.248451995,0.080590005,-0.415146228,-0.090069834,-0.186883738,NY,New York,36,"State Senate District 50 (2012), New York",0.558673641,50,24736051,0.007379922,0.078962774,-0.148146092,0.156768911,0.085634678,NY,New York,36,"State Senate District 51 (2012), New York",0.511615861,51,27736052,-0.245116999,0.077607081,-0.394894839,-0.109034592,-0.196720767,NY,New York,36,"State Senate District 52 (2012), New York",0.502835653,52,29836053,-0.335706532,0.077156891,-0.480452328,-0.183014045,-0.287217106,NY,New York,36,"State Senate District 53 (2012), New York",0.635233543,53,26236054,-0.015762529,0.077835967,-0.159900747,0.12719149,0.048948084,NY,New York,36,"State Senate District 54 (2012), New York",0.506441892,54,26736055,-0.403155536,0.08070405,-0.552733333,-0.235877863,-0.299811023,NY,New York,36,"State Senate District 55 (2012), New York",0.576958309,55,27636056,-0.245174622,0.072108601,-0.393446926,-0.102603676,-0.183522422,NY,New York,36,"State Senate District 56 (2012), New York",0.609521604,56,29636057,-0.073299887,0.073976455,-0.218743821,0.061794814,-0.030367819,NY,New York,36,"State Senate District 57 (2012), New York",0.434533086,57,28136058,-0.288324014,0.075508153,-0.43456731,-0.136845299,-0.238069613,NY,New York,36,"State Senate District 58 (2012), New York",0.517933444,58,28436059,-0.129753928,0.082034871,-0.283095892,0.044793638,-0.050246905,NY,New York,36,"State Senate District 59 (2012), New York",0.458643251,59,24436060,-0.192654471,0.074614149,-0.347668456,-0.060064139,-0.119448652,NY,New York,36,"State Senate District 60 (2012), New York",0.571587201,60,29336061,-0.06839886,0.070303219,-0.194816478,0.065008388,-0.000948593,NY,New York,36,"State Senate District 61 (2012), New York",0.510870873,61,32136062,0.027010719,0.080683212,-0.126517655,0.17507929,0.158343192,NY,New York,36,"State Senate District 62 (2012), New York",0.484698283,62,26036063,-0.585754089,0.080329815,-0.741894541,-0.434730534,-0.520037588,NY,New York,36,"State Senate District 63 (2012), New York",0.764882646,63,23437001,-0.059703872,0.110733858,-0.275923549,0.181321116,-0.015656577,NC,North Carolina,37,"State Senate District 1 (2012), North Carolina",0.437287754,1,12937002,0.187846753,0.092696497,0.009017553,0.366595277,0.414215048,NC,North Carolina,37,"State Senate District 2 (2012), North Carolina",0.362556451,2,16037003,-0.174696543,0.115447808,-0.416933086,0.046914273,-0.181713268,NC,North Carolina,37,"State Senate District 3 (2012), North Carolina",0.632726225,3,8937004,-0.046716529,0.113137119,-0.264472493,0.177480425,-0.012059563,NC,North Carolina,37,"State Senate District 4 (2012), North Carolina",0.677854287,4,12137005,-0.083822192,0.11400206,-0.306014703,0.138136074,0.032675845,NC,North Carolina,37,"State Senate District 5 (2012), North Carolina",0.640002545,5,10937006,0.260570822,0.098969351,0.063813425,0.441046834,0.373159926,NC,North Carolina,37,"State Senate District 6 (2012), North Carolina",0.372697686,6,13237007,0.003224696,0.118244649,-0.210025202,0.216032566,0.093448469,NC,North Carolina,37,"State Senate District 7 (2012), North Carolina",0.376522523,7,10037008,0.179771461,0.088657363,-0.00491769,0.337442421,0.2894475,NC,North Carolina,37,"State Senate District 8 (2012), North Carolina",0.425212411,8,16137009,-0.038281843,0.083206298,-0.210357591,0.133667745,-0.060406474,NC,North Carolina,37,"State Senate District 9 (2012), North Carolina",0.463801863,9,21737010,-0.004507509,0.132688117,-0.252419451,0.265263388,-0.052828619,NC,North Carolina,37,"State Senate District 10 (2012), North Carolina",0.398331582,10,7637011,0.08823587,0.116013077,-0.143979965,0.31236219,0.277203366,NC,North Carolina,37,"State Senate District 11 (2012), North Carolina",0.403037189,11,11737012,0.213902472,0.099947272,0.033375903,0.403413089,0.341227644,NC,North Carolina,37,"State Senate District 12 (2012), North Carolina",0.405337362,12,13037013,-0.101797069,0.145608416,-0.361974747,0.194252505,-0.106790596,NC,North Carolina,37,"State Senate District 13 (2012), North Carolina",0.542014469,13,5937014,-0.436366539,0.084593865,-0.601501849,-0.274398321,-0.464260552,NC,North Carolina,37,"State Senate District 14 (2012), North Carolina",0.77913838,14,18737015,-0.203584247,0.088419394,-0.375488405,-0.030086834,-0.157890485,NC,North Carolina,37,"State Senate District 15 (2012), North Carolina",0.465549087,15,18337016,-0.251388729,0.094330913,-0.42708849,-0.073442239,-0.252001002,NC,North Carolina,37,"State Senate District 16 (2012), North Carolina",0.629739156,16,16337017,-0.264372735,0.094688239,-0.44489498,-0.088234907,-0.293689906,NC,North Carolina,37,"State Senate District 17 (2012), North Carolina",0.470463943,17,16537018,-0.104682237,0.09812772,-0.286534115,0.081631951,-0.045372432,NC,North Carolina,37,"State Senate District 18 (2012), North Carolina",0.472072129,18,15737019,-0.092994379,0.102370358,-0.292775846,0.100704204,-0.156598939,NC,North Carolina,37,"State Senate District 19 (2012), North Carolina",0.5024759,19,12037020,-0.421067191,0.109251062,-0.630966877,-0.215203546,-0.476685977,NC,North Carolina,37,"State Senate District 20 (2012), North Carolina",0.760505561,20,12437021,-0.058082822,0.102995423,-0.251897055,0.150942468,-0.025958963,NC,North Carolina,37,"State Senate District 21 (2012), North Carolina",0.696651604,21,11937022,-0.415291515,0.090407148,-0.579793325,-0.240107881,-0.562612012,NC,North Carolina,37,"State Senate District 22 (2012), North Carolina",0.633168179,22,17137023,-0.626524756,0.093115854,-0.813151788,-0.435875879,-0.743306975,NC,North Carolina,37,"State Senate District 23 (2012), North Carolina",0.65415603,23,16737024,0.171041088,0.093811228,-0.009985677,0.355938705,0.2716931,NC,North Carolina,37,"State Senate District 24 (2012), North Carolina",0.3946924,24,15937025,0.141613237,0.102808679,-0.066366122,0.340392939,0.252387956,NC,North Carolina,37,"State Senate District 25 (2012), North Carolina",0.422607803,25,12937026,-0.033697428,0.087238489,-0.220885841,0.129498854,0.010243348,NC,North Carolina,37,"State Senate District 26 (2012), North Carolina",0.404975925,26,19637027,0.015833786,0.105622057,-0.181271613,0.231945572,0.006382802,NC,North Carolina,37,"State Senate District 27 (2012), North Carolina",0.450606261,27,14237028,-0.278394838,0.087387466,-0.450562653,-0.113998586,-0.238028156,NC,North Carolina,37,"State Senate District 28 (2012), North Carolina",0.829523615,28,18737029,0.422188023,0.104014926,0.222196396,0.613665931,0.544461999,NC,North Carolina,37,"State Senate District 29 (2012), North Carolina",0.30454717,29,14137030,0.175476837,0.107546147,-0.029917473,0.385714758,0.225694431,NC,North Carolina,37,"State Senate District 30 (2012), North Carolina",0.294833635,30,13537031,0.12837469,0.103933166,-0.077725198,0.334124482,0.193900178,NC,North Carolina,37,"State Senate District 31 (2012), North Carolina",0.364374199,31,12737032,-0.253237941,0.093539267,-0.437081508,-0.062074506,-0.188012206,NC,North Carolina,37,"State Senate District 32 (2012), North Carolina",0.704744255,32,16837033,0.177546158,0.098843174,-0.017476207,0.352188117,0.208248166,NC,North Carolina,37,"State Senate District 33 (2012), North Carolina",0.312265,33,14637034,0.172384989,0.101045984,-0.011984659,0.369111587,0.264614126,NC,North Carolina,37,"State Senate District 34 (2012), North Carolina",0.354135104,34,14037035,0.373980411,0.103803014,0.161804336,0.57143421,0.535525773,NC,North Carolina,37,"State Senate District 35 (2012), North Carolina",0.354846845,35,13537036,0.256925349,0.106525181,0.03924572,0.455469664,0.40398609,NC,North Carolina,37,"State Senate District 36 (2012), North Carolina",0.387227618,36,14837037,-0.302510594,0.103628824,-0.49895081,-0.08740743,-0.31693163,NC,North Carolina,37,"State Senate District 37 (2012), North Carolina",0.663354654,37,13037038,-0.48590235,0.093820782,-0.657674143,-0.279120467,-0.536411239,NC,North Carolina,37,"State Senate District 38 (2012), North Carolina",0.796252319,38,15537039,-0.012228114,0.10756913,-0.208743891,0.198728107,0.027226721,NC,North Carolina,37,"State Senate District 39 (2012), North Carolina",0.412397205,39,12937040,-0.345694653,0.100806168,-0.548088112,-0.138803628,-0.476902904,NC,North Carolina,37,"State Senate District 40 (2012), North Carolina",0.826477872,40,15337041,0.173955805,0.098936501,-0.026300739,0.364130524,0.157693312,NC,North Carolina,37,"State Senate District 41 (2012), North Carolina",0.453355967,41,14737042,0.257676465,0.105870734,0.043830247,0.455019992,0.375118777,NC,North Carolina,37,"State Senate District 42 (2012), North Carolina",0.33555241,42,13337043,0.294802083,0.102206417,0.085451036,0.497731063,0.414898233,NC,North Carolina,37,"State Senate District 43 (2012), North Carolina",0.374791319,43,14137044,0.25013568,0.099305032,0.051040839,0.450484609,0.433774493,NC,North Carolina,37,"State Senate District 44 (2012), North Carolina",0.340004209,44,15637045,0.249830397,0.092730705,0.07150759,0.427029605,0.231610423,NC,North Carolina,37,"State Senate District 45 (2012), North Carolina",0.366190138,45,18737046,0.303401181,0.102282334,0.109599741,0.503609875,0.409034824,NC,North Carolina,37,"State Senate District 46 (2012), North Carolina",0.390279487,46,14137047,0.096938037,0.098472389,-0.089586459,0.296602505,0.159467846,NC,North Carolina,37,"State Senate District 47 (2012), North Carolina",0.357335225,47,14437048,-0.097053878,0.093048001,-0.302827204,0.070618939,-0.043601007,NC,North Carolina,37,"State Senate District 48 (2012), North Carolina",0.396236851,48,16637049,-0.315327176,0.093375643,-0.486662482,-0.133625776,-0.265086384,NC,North Carolina,37,"State Senate District 49 (2012), North Carolina",0.58842825,49,16437050,0.056199679,0.094098366,-0.121012365,0.243441451,0.084358153,NC,North Carolina,37,"State Senate District 50 (2012), North Carolina",0.390012836,50,14438001,0.259378301,0.216565856,-0.09373243,0.669466732,0.513493789,ND,North Dakota,38,"State Senate District 1 (2012), North Dakota",NA,1,938002,0.301148568,0.206565406,-0.116937979,0.689694013,0.62123905,ND,North Dakota,38,"State Senate District 2 (2012), North Dakota",NA,2,1638003,0.036224482,0.208592005,-0.402439216,0.409151734,0.024186523,ND,North Dakota,38,"State Senate District 3 (2012), North Dakota",NA,3,1238004,0.118318176,0.20050032,-0.294918474,0.486053352,0.071960404,ND,North Dakota,38,"State Senate District 4 (2012), North Dakota",NA,4,1638005,0.210066687,0.177123791,-0.091097924,0.576331226,0.458397852,ND,North Dakota,38,"State Senate District 5 (2012), North Dakota",NA,5,2538006,0.045828026,0.205967689,-0.34886579,0.457328748,-0.08657462,ND,North Dakota,38,"State Senate District 6 (2012), North Dakota",NA,6,1538007,0.316208252,0.202780522,-0.078550254,0.688886264,0.952000519,ND,North Dakota,38,"State Senate District 7 (2012), North Dakota",NA,7,1138008,0.060631467,0.205752606,-0.351569172,0.464810594,-0.123770143,ND,North Dakota,38,"State Senate District 8 (2012), North Dakota",NA,8,1238009,-0.002061375,0.211435657,-0.417284859,0.38015731,-0.483768317,ND,North Dakota,38,"State Senate District 9 (2012), North Dakota",NA,9,838010,0.003719471,0.221270488,-0.46331863,0.413739354,-0.17768948,ND,North Dakota,38,"State Senate District 10 (2012), North Dakota",NA,10,938011,-0.192112242,0.200914294,-0.59421282,0.202147162,-0.395854613,ND,North Dakota,38,"State Senate District 11 (2012), North Dakota",NA,11,2238012,0.104054614,0.216702419,-0.312457911,0.542979713,0.342153427,ND,North Dakota,38,"State Senate District 12 (2012), North Dakota",NA,12,1138013,-0.065907623,0.186330253,-0.425734941,0.296153856,-0.082974098,ND,North Dakota,38,"State Senate District 13 (2012), North Dakota",NA,13,2138014,0.185361833,0.23675201,-0.25994983,0.675365978,0.706839924,ND,North Dakota,38,"State Senate District 14 (2012), North Dakota",NA,14,738015,0.329908454,0.221656735,-0.12079688,0.787550052,0.896753594,ND,North Dakota,38,"State Senate District 15 (2012), North Dakota",NA,15,938016,-0.016865603,0.203737139,-0.394960568,0.387019076,0.136357945,ND,North Dakota,38,"State Senate District 16 (2012), North Dakota",NA,16,1438017,-0.04551258,0.225969885,-0.445615006,0.427212875,0.086517711,ND,North Dakota,38,"State Senate District 17 (2012), North Dakota",NA,17,1038018,0.20061508,0.223059219,-0.225345789,0.637002222,0.713476942,ND,North Dakota,38,"State Senate District 18 (2012), North Dakota",NA,18,638019,0.107756794,0.209503467,-0.280713417,0.541145519,0.130208878,ND,North Dakota,38,"State Senate District 19 (2012), North Dakota",NA,19,1138020,0.147462645,0.22052643,-0.283178173,0.568499943,0.120478856,ND,North Dakota,38,"State Senate District 20 (2012), North Dakota",NA,20,838021,0.08459671,0.21314147,-0.324377607,0.518492469,0.026918927,ND,North Dakota,38,"State Senate District 21 (2012), North Dakota",NA,21,1138022,0.169517391,0.237537653,-0.325822848,0.615817954,0.310094258,ND,North Dakota,38,"State Senate District 22 (2012), North Dakota",NA,22,338023,0.020813796,0.232013821,-0.461575439,0.461907741,-0.337923794,ND,North Dakota,38,"State Senate District 23 (2012), North Dakota",NA,23,938024,0.332067667,0.214436247,-0.07886429,0.716273506,0.751512693,ND,North Dakota,38,"State Senate District 24 (2012), North Dakota",NA,24,1038025,0.251813626,0.203928422,-0.162158942,0.639127495,0.461178553,ND,North Dakota,38,"State Senate District 25 (2012), North Dakota",NA,25,1538026,0.400904209,0.228486231,-0.051839154,0.820346688,0.940549067,ND,North Dakota,38,"State Senate District 26 (2012), North Dakota",NA,26,938027,-0.053499644,0.192803264,-0.441043589,0.318035476,-0.243003975,ND,North Dakota,38,"State Senate District 27 (2012), North Dakota",NA,27,1638028,0.513151244,0.215366945,0.083522217,0.937176625,1.388757171,ND,North Dakota,38,"State Senate District 28 (2012), North Dakota",NA,28,838029,0.229668964,0.193404984,-0.121192757,0.62681358,0.323441857,ND,North Dakota,38,"State Senate District 29 (2012), North Dakota",NA,29,1638030,0.275037112,0.213393565,-0.113006133,0.66544308,0.548524892,ND,North Dakota,38,"State Senate District 30 (2012), North Dakota",NA,30,1238031,0.339747819,0.224897741,-0.083692835,0.770985147,0.684054057,ND,North Dakota,38,"State Senate District 31 (2012), North Dakota",NA,31,1238032,0.15511711,0.208437766,-0.239041513,0.576100377,0.235615779,ND,North Dakota,38,"State Senate District 32 (2012), North Dakota",NA,32,1438033,0.214056719,0.200162511,-0.14475686,0.594319282,0.212297651,ND,North Dakota,38,"State Senate District 33 (2012), North Dakota",NA,33,2138034,0.00735417,0.17683427,-0.356876845,0.331789218,0.00402798,ND,North Dakota,38,"State Senate District 34 (2012), North Dakota",NA,34,2838035,0.225143636,0.192862151,-0.11354907,0.588344187,0.296177928,ND,North Dakota,38,"State Senate District 35 (2012), North Dakota",NA,35,2138036,0.220527479,0.246971121,-0.31802914,0.654655618,-0.066821866,ND,North Dakota,38,"State Senate District 36 (2012), North Dakota",NA,36,138037,0.329857265,0.219650557,-0.092503285,0.726508424,0.840643265,ND,North Dakota,38,"State Senate District 37 (2012), North Dakota",NA,37,738038,0.110098086,0.218073753,-0.320985893,0.539495458,0.193118379,ND,North Dakota,38,"State Senate District 38 (2012), North Dakota",NA,38,838039,0.09292173,0.211030612,-0.313670671,0.494355826,0.243250741,ND,North Dakota,38,"State Senate District 39 (2012), North Dakota",NA,39,1138040,0.264525164,0.202182614,-0.138289059,0.628684634,0.783877079,ND,North Dakota,38,"State Senate District 40 (2012), North Dakota",NA,40,1538041,0.063760123,0.217748829,-0.37798102,0.463697052,0.243166881,ND,North Dakota,38,"State Senate District 41 (2012), North Dakota",NA,41,738042,-0.03888558,0.226411232,-0.469360758,0.398486741,-0.559816706,ND,North Dakota,38,"State Senate District 42 (2012), North Dakota",NA,42,1038043,0.074896143,0.22838655,-0.384224307,0.516187531,0.00045788,ND,North Dakota,38,"State Senate District 43 (2012), North Dakota",NA,43,938044,0.097241363,0.207500951,-0.303462142,0.522276596,-0.061712073,ND,North Dakota,38,"State Senate District 44 (2012), North Dakota",NA,44,1238045,0.17039976,0.227267532,-0.278255725,0.596478891,0.236824091,ND,North Dakota,38,"State Senate District 45 (2012), North Dakota",NA,45,838046,0.265518983,0.218041388,-0.181987083,0.694386551,0.8107948,ND,North Dakota,38,"State Senate District 46 (2012), North Dakota",NA,46,1338047,0.104922765,0.219454002,-0.30548841,0.530530385,0.244181898,ND,North Dakota,38,"State Senate District 47 (2012), North Dakota",NA,47,839001,0.419650325,0.071167457,0.282061694,0.552371326,0.505246282,OH,Ohio,39,"State Senate District 1 (2012), Ohio",0.364287574,1,30139002,-0.005682015,0.074736096,-0.155458125,0.131138765,0.030362714,OH,Ohio,39,"State Senate District 2 (2012), Ohio",0.506991619,2,29039003,0.104514994,0.070625721,-0.029693237,0.24681277,0.162483518,OH,Ohio,39,"State Senate District 3 (2012), Ohio",0.553573805,3,33939004,0.296465545,0.082487807,0.131034224,0.467568848,0.339507899,OH,Ohio,39,"State Senate District 4 (2012), Ohio",0.366335411,4,27339005,-0.015147357,0.073769663,-0.165485461,0.126457219,0.06317988,OH,Ohio,39,"State Senate District 5 (2012), Ohio",0.539892401,5,30239006,0.010312624,0.063132579,-0.112142044,0.132288058,0.082761525,OH,Ohio,39,"State Senate District 6 (2012), Ohio",0.411879193,6,35539007,0.034238643,0.074840779,-0.107942556,0.194139739,0.095216587,OH,Ohio,39,"State Senate District 7 (2012), Ohio",0.337989228,7,27639008,0.37734329,0.067847016,0.246293982,0.51281602,0.407427233,OH,Ohio,39,"State Senate District 8 (2012), Ohio",0.389398783,8,33939009,-0.502475918,0.076124187,-0.645016402,-0.346391027,-0.456444304,OH,Ohio,39,"State Senate District 9 (2012), Ohio",0.745147765,9,30039010,0.123403353,0.070633808,-0.012941807,0.267061749,0.188116879,OH,Ohio,39,"State Senate District 10 (2012), Ohio",0.433541283,10,30739011,-0.176996002,0.066734507,-0.308271395,-0.053601291,-0.118283162,OH,Ohio,39,"State Senate District 11 (2012), Ohio",0.723572219,11,34539012,0.45189776,0.074069326,0.311931951,0.59239278,0.531846676,OH,Ohio,39,"State Senate District 12 (2012), Ohio",0.315828568,12,27239013,-0.089650714,0.068570872,-0.221693833,0.043304518,-0.053361217,OH,Ohio,39,"State Senate District 13 (2012), Ohio",0.560645103,13,32239014,0.156323876,0.079710121,3.30E-05,0.318104968,0.22620699,OH,Ohio,39,"State Senate District 14 (2012), Ohio",0.370084897,14,27139015,-0.600383871,0.069453375,-0.733919226,-0.472696295,-0.576626006,OH,Ohio,39,"State Senate District 15 (2012), Ohio",0.802336497,15,33339016,-0.104822455,0.075984466,-0.255804955,0.037529523,-0.017690303,OH,Ohio,39,"State Senate District 16 (2012), Ohio",0.49066262,16,31939017,0.265904862,0.07963975,0.108955813,0.427125045,0.326068062,OH,Ohio,39,"State Senate District 17 (2012), Ohio",0.408284394,17,24739018,0.081524906,0.069043945,-0.050475561,0.223817679,0.131048093,OH,Ohio,39,"State Senate District 18 (2012), Ohio",0.469780019,18,30339019,-0.010312069,0.06999592,-0.143122169,0.125281413,0.060747495,OH,Ohio,39,"State Senate District 19 (2012), Ohio",0.468609653,19,33839020,0.182193907,0.075650221,0.040987393,0.339817245,0.248047586,OH,Ohio,39,"State Senate District 20 (2012), Ohio",0.446055673,20,26539021,-0.623944822,0.071035326,-0.75681465,-0.48132927,-0.650394764,OH,Ohio,39,"State Senate District 21 (2012), Ohio",0.881721571,21,31439022,0.303390717,0.071031216,0.163967428,0.444499296,0.400433504,OH,Ohio,39,"State Senate District 22 (2012), Ohio",0.40841479,22,31039023,-0.363284835,0.06726499,-0.501687199,-0.229168334,-0.35940071,OH,Ohio,39,"State Senate District 23 (2012), Ohio",0.669077214,23,38739024,-0.03673712,0.068517981,-0.170327947,0.092691285,-0.016338059,OH,Ohio,39,"State Senate District 24 (2012), Ohio",0.488410348,24,34339025,-0.271638427,0.073378262,-0.408657732,-0.125523093,-0.262248713,OH,Ohio,39,"State Senate District 25 (2012), Ohio",0.74818807,25,30039026,0.080133474,0.074130757,-0.061205194,0.230015124,0.128975112,OH,Ohio,39,"State Senate District 26 (2012), Ohio",0.431208355,26,27739027,0.033966114,0.071496304,-0.115241476,0.158548498,0.098101444,OH,Ohio,39,"State Senate District 27 (2012), Ohio",0.451557311,27,30739028,-0.299482176,0.067090526,-0.425435997,-0.173983142,-0.260627962,OH,Ohio,39,"State Senate District 28 (2012), Ohio",0.6522234,28,38439029,0.014521118,0.071935777,-0.122630499,0.156581362,0.125634369,OH,Ohio,39,"State Senate District 29 (2012), Ohio",0.508021456,29,30439030,0.252499839,0.070561109,0.122042261,0.391648975,0.322530005,OH,Ohio,39,"State Senate District 30 (2012), Ohio",0.476178675,30,29839031,0.195852723,0.069236932,0.071568937,0.333353788,0.240284464,OH,Ohio,39,"State Senate District 31 (2012), Ohio",0.431783459,31,32339032,-0.023430174,0.072917079,-0.163237267,0.114195404,0.054688321,OH,Ohio,39,"State Senate District 32 (2012), Ohio",0.588036636,32,32639033,-0.039460347,0.069626913,-0.17523242,0.09507386,-0.025729839,OH,Ohio,39,"State Senate District 33 (2012), Ohio",0.587963974,33,32940001,0.546291005,0.143180368,0.256117125,0.817911071,0.64330783,OK,Oklahoma,40,"State Senate District 1 (2012), Oklahoma",0.344152907,1,5140002,0.625524381,0.157783186,0.317715042,0.913283756,0.891778362,OK,Oklahoma,40,"State Senate District 2 (2012), Oklahoma",0.259760956,2,3840003,0.63144291,0.155457797,0.320359891,0.931800241,0.798234956,OK,Oklahoma,40,"State Senate District 3 (2012), Oklahoma",0.306375798,3,3740004,0.426509097,0.170174405,0.088197111,0.736744679,0.546041578,OK,Oklahoma,40,"State Senate District 4 (2012), Oklahoma",0.301187001,4,3140005,0.278349423,0.178713908,-0.05080216,0.624936159,0.195945747,OK,Oklahoma,40,"State Senate District 5 (2012), Oklahoma",0.260882146,5,3040006,0.430896616,0.157774594,0.133157301,0.719359781,0.505031276,OK,Oklahoma,40,"State Senate District 6 (2012), Oklahoma",0.276430312,6,4040007,0.571039083,0.153864396,0.257292225,0.869414608,0.674034343,OK,Oklahoma,40,"State Senate District 7 (2012), Oklahoma",0.305300887,7,4040008,0.246800877,0.165746875,-0.088489305,0.572477384,0.194772625,OK,Oklahoma,40,"State Senate District 8 (2012), Oklahoma",0.395073814,8,4340009,-0.081188436,0.158367416,-0.416570284,0.214749264,-0.103764202,OK,Oklahoma,40,"State Senate District 9 (2012), Oklahoma",0.447705614,9,4640010,0.078641467,0.142691538,-0.216715658,0.370497404,0.032470897,OK,Oklahoma,40,"State Senate District 10 (2012), Oklahoma",0.286586442,10,5540011,-0.388663792,0.157083151,-0.703637118,-0.079113708,-0.457882841,OK,Oklahoma,40,"State Senate District 11 (2012), Oklahoma",0.790163072,11,4540012,0.347592446,0.142245587,0.087420255,0.601220709,0.393013945,OK,Oklahoma,40,"State Senate District 12 (2012), Oklahoma",0.27573248,12,5440013,0.342722746,0.161448281,0.043066569,0.639158335,0.300971917,OK,Oklahoma,40,"State Senate District 13 (2012), Oklahoma",0.297130058,13,3940014,0.370753994,0.149779821,0.064771906,0.641356284,0.413100964,OK,Oklahoma,40,"State Senate District 14 (2012), Oklahoma",0.292159579,14,4340015,0.112411848,0.134609706,-0.165297437,0.380792894,0.06128901,OK,Oklahoma,40,"State Senate District 15 (2012), Oklahoma",0.379799612,15,7840016,-0.106939083,0.137561143,-0.366388715,0.158487158,-0.296749811,OK,Oklahoma,40,"State Senate District 16 (2012), Oklahoma",0.508406943,16,5840017,0.540885327,0.139248484,0.282078787,0.808820259,0.697957497,OK,Oklahoma,40,"State Senate District 17 (2012), Oklahoma",0.282681527,17,5040018,0.502300536,0.155450523,0.176466864,0.777048486,0.636372505,OK,Oklahoma,40,"State Senate District 18 (2012), Oklahoma",0.304654591,18,4340019,0.259172281,0.157320608,-0.049345294,0.548978307,0.196523564,OK,Oklahoma,40,"State Senate District 19 (2012), Oklahoma",0.229002796,19,4040020,0.568380299,0.143166311,0.302988911,0.851650491,0.733678151,OK,Oklahoma,40,"State Senate District 20 (2012), Oklahoma",0.263837938,20,4940021,0.362258698,0.138744829,0.080929392,0.614881086,0.505649045,OK,Oklahoma,40,"State Senate District 21 (2012), Oklahoma",0.358191518,21,5940022,0.433988725,0.131080925,0.174003922,0.676333139,0.681209776,OK,Oklahoma,40,"State Senate District 22 (2012), Oklahoma",0.241199293,22,6440023,0.291199786,0.165817505,-0.024986191,0.611902829,0.211075316,OK,Oklahoma,40,"State Senate District 23 (2012), Oklahoma",0.246778328,23,3540024,0.191183975,0.137243267,-0.090270654,0.440497891,0.221357699,OK,Oklahoma,40,"State Senate District 24 (2012), Oklahoma",0.286458333,24,7340025,0.137914275,0.148456028,-0.148101788,0.411184351,0.154870328,OK,Oklahoma,40,"State Senate District 25 (2012), Oklahoma",0.260671648,25,5040026,0.614251522,0.16050348,0.300687734,0.915703428,0.920420085,OK,Oklahoma,40,"State Senate District 26 (2012), Oklahoma",0.255348891,26,4040027,0.33151408,0.171418539,-0.012461204,0.649962386,0.345483125,OK,Oklahoma,40,"State Senate District 27 (2012), Oklahoma",0.147672154,27,2940028,0.494269475,0.154214396,0.178223663,0.784235405,0.526531874,OK,Oklahoma,40,"State Senate District 28 (2012), Oklahoma",0.286666908,28,4140029,0.615533822,0.149690432,0.337676319,0.900791379,0.844625661,OK,Oklahoma,40,"State Senate District 29 (2012), Oklahoma",0.267297588,29,4740030,0.080172259,0.118943849,-0.150425976,0.311883635,0.133873264,OK,Oklahoma,40,"State Senate District 30 (2012), Oklahoma",0.40483157,30,9040031,0.468144889,0.154556939,0.158772951,0.744824944,0.527156977,OK,Oklahoma,40,"State Senate District 31 (2012), Oklahoma",0.33283848,31,4340032,0.372377862,0.124147441,0.122779787,0.608182997,0.408414437,OK,Oklahoma,40,"State Senate District 32 (2012), Oklahoma",0.426120062,32,7840033,0.312706351,0.130818053,0.049463865,0.582299896,0.378345665,OK,Oklahoma,40,"State Senate District 33 (2012), Oklahoma",0.28428554,33,6340034,0.492741098,0.14556875,0.216258535,0.810769064,0.771534077,OK,Oklahoma,40,"State Senate District 34 (2012), Oklahoma",0.302789828,34,5640035,-0.145463006,0.116503034,-0.364041086,0.083637778,-0.097499492,OK,Oklahoma,40,"State Senate District 35 (2012), Oklahoma",0.421801246,35,9940036,0.415603545,0.144643765,0.139657299,0.696224436,0.595199448,OK,Oklahoma,40,"State Senate District 36 (2012), Oklahoma",0.324698749,36,5640037,0.338803972,0.141355989,0.060705433,0.605497067,0.479922101,OK,Oklahoma,40,"State Senate District 37 (2012), Oklahoma",0.312749828,37,5940038,0.012374634,0.157489443,-0.281876697,0.337675935,-0.027945394,OK,Oklahoma,40,"State Senate District 38 (2012), Oklahoma",0.256132367,38,3840039,-0.095943464,0.138229849,-0.383346004,0.17406536,-0.13890501,OK,Oklahoma,40,"State Senate District 39 (2012), Oklahoma",0.39276995,39,7240040,-0.258011258,0.139891452,-0.530519226,-0.001821227,-0.255277042,OK,Oklahoma,40,"State Senate District 40 (2012), Oklahoma",0.428008608,40,6440041,0.559291556,0.130811457,0.300774998,0.810137021,0.82027816,OK,Oklahoma,40,"State Senate District 41 (2012), Oklahoma",0.27120321,41,6440042,0.365643408,0.137009327,0.093470146,0.627148057,0.583243243,OK,Oklahoma,40,"State Senate District 42 (2012), Oklahoma",0.404613445,42,6940043,0.635154042,0.159071303,0.322083475,0.938301658,0.880406149,OK,Oklahoma,40,"State Senate District 43 (2012), Oklahoma",0.23118012,43,3140044,0.307793304,0.148473481,0.035024478,0.592372875,0.491845067,OK,Oklahoma,40,"State Senate District 44 (2012), Oklahoma",0.391367265,44,5340045,0.668237871,0.142630166,0.40570396,0.963795804,0.988773802,OK,Oklahoma,40,"State Senate District 45 (2012), Oklahoma",0.295540438,45,5340046,-0.173956931,0.169268227,-0.52119195,0.162979674,-0.252340011,OK,Oklahoma,40,"State Senate District 46 (2012), Oklahoma",0.60028354,46,4040047,-0.112012801,0.13299813,-0.373545673,0.136550301,-0.15914242,OK,Oklahoma,40,"State Senate District 47 (2012), Oklahoma",0.329404224,47,6840048,-0.182713429,0.142929619,-0.469112055,0.110555828,-0.133238151,OK,Oklahoma,40,"State Senate District 48 (2012), Oklahoma",0.793218634,48,5441001,0.284449241,0.108147653,0.069497421,0.503998588,0.440036794,OR,Oregon,41,"State Senate District 1 (2012), Oregon",0.377135903,1,11241002,0.345538463,0.101056457,0.130011537,0.537974125,0.53806658,OR,Oregon,41,"State Senate District 2 (2012), Oregon",0.37335991,2,14541003,-0.047854137,0.108047526,-0.273495191,0.157966648,0.064608356,OR,Oregon,41,"State Senate District 3 (2012), Oregon",0.551917633,3,13641004,-0.079357265,0.098243892,-0.266198532,0.123113127,0.04308591,OR,Oregon,41,"State Senate District 4 (2012), Oregon",0.577982811,4,14641005,-0.128294308,0.091829152,-0.308861657,0.057828827,-0.054657805,OR,Oregon,41,"State Senate District 5 (2012), Oregon",0.542805799,5,18141006,-0.10122678,0.095947577,-0.29167175,0.08273064,-0.029534701,OR,Oregon,41,"State Senate District 6 (2012), Oregon",0.577087775,6,15541007,-0.55191052,0.091515958,-0.737297925,-0.387388183,-0.560886533,OR,Oregon,41,"State Senate District 7 (2012), Oregon",0.625435599,7,18941008,-0.376587974,0.098636413,-0.568440092,-0.197213306,-0.282898229,OR,Oregon,41,"State Senate District 8 (2012), Oregon",0.592416326,8,14441009,0.187315154,0.097201148,-0.006507444,0.397828787,0.305293161,OR,Oregon,41,"State Senate District 9 (2012), Oregon",0.383963387,9,14641010,-0.186215775,0.100206767,-0.37427985,0.004468361,-0.118644842,OR,Oregon,41,"State Senate District 10 (2012), Oregon",0.491731509,10,15241011,-0.085136427,0.1035247,-0.283716707,0.10663884,0.066192918,OR,Oregon,41,"State Senate District 11 (2012), Oregon",0.579513578,11,13341012,-0.091633496,0.119583271,-0.333008883,0.146769267,-0.068071213,OR,Oregon,41,"State Senate District 12 (2012), Oregon",0.465592436,12,10941013,-0.130461672,0.111384107,-0.343240395,0.072587055,-0.047003814,OR,Oregon,41,"State Senate District 13 (2012), Oregon",0.475135248,13,12641014,-0.219941232,0.100103013,-0.416698453,-0.029347739,-0.11814051,OR,Oregon,41,"State Senate District 14 (2012), Oregon",0.631534659,14,13541015,-0.265789327,0.103182155,-0.461508171,-0.065055825,-0.152199737,OR,Oregon,41,"State Senate District 15 (2012), Oregon",0.576921454,15,12841016,-0.115741959,0.108411454,-0.317699899,0.109225686,-0.057556688,OR,Oregon,41,"State Senate District 16 (2012), Oregon",0.541788699,16,12941017,-0.445552522,0.098352356,-0.626957769,-0.250201324,-0.386230376,OR,Oregon,41,"State Senate District 17 (2012), Oregon",0.666871682,17,16441018,-0.588952671,0.096243776,-0.774056859,-0.39934385,-0.539030693,OR,Oregon,41,"State Senate District 18 (2012), Oregon",0.727129945,18,17241019,-0.719237256,0.094477859,-0.908699214,-0.53616249,-0.704666381,OR,Oregon,41,"State Senate District 19 (2012), Oregon",0.609724554,19,15941020,-0.027958675,0.093990337,-0.215371608,0.16071304,0.07633909,OR,Oregon,41,"State Senate District 20 (2012), Oregon",0.488403247,20,15341021,-0.910084305,0.106223746,-1.120455716,-0.693780845,-0.953817364,OR,Oregon,41,"State Senate District 21 (2012), Oregon",0.829008479,21,14241022,-0.983665521,0.094557369,-1.160555454,-0.781934232,-1.039670639,OR,Oregon,41,"State Senate District 22 (2012), Oregon",0.898293628,22,15841023,-0.803336381,0.100234901,-1.003962542,-0.601745518,-0.830858205,OR,Oregon,41,"State Senate District 23 (2012), Oregon",0.82371508,23,13041024,-0.357124778,0.1038379,-0.56256916,-0.158613154,-0.282262108,OR,Oregon,41,"State Senate District 24 (2012), Oregon",0.653383034,24,13241025,-0.094529355,0.118543923,-0.34257961,0.137067294,0.065610573,OR,Oregon,41,"State Senate District 25 (2012), Oregon",0.57398944,25,9541026,0.064645883,0.110325801,-0.142512422,0.272175633,0.231132339,OR,Oregon,41,"State Senate District 26 (2012), Oregon",0.534922181,26,12341027,0.067997546,0.1055706,-0.14190648,0.261147043,0.253346827,OR,Oregon,41,"State Senate District 27 (2012), Oregon",0.489047054,27,13241028,0.089663478,0.106768971,-0.11972058,0.28367198,0.150623045,OR,Oregon,41,"State Senate District 28 (2012), Oregon",0.312128557,28,12141029,0.365629661,0.103497072,0.171746873,0.568351868,0.570581387,OR,Oregon,41,"State Senate District 29 (2012), Oregon",0.345324514,29,12041030,0.298211017,0.11921489,0.06152986,0.532012997,0.573247049,OR,Oregon,41,"State Senate District 30 (2012), Oregon",0.356576037,30,10242001,-0.693011705,0.083345341,-0.857409358,-0.533777186,-0.743919511,PA,Pennsylvania,42,"State Senate District 1 (2012), Pennsylvania",0.799401298,1,22842002,-0.484460367,0.08836035,-0.661751014,-0.316413905,-0.482252772,PA,Pennsylvania,42,"State Senate District 2 (2012), Pennsylvania",0.80197008,2,17642003,-0.608216968,0.093522144,-0.77454579,-0.428768796,-0.604695337,PA,Pennsylvania,42,"State Senate District 3 (2012), Pennsylvania",0.947708024,3,16142004,-0.836143378,0.079187607,-0.990168557,-0.674708205,-0.892794044,PA,Pennsylvania,42,"State Senate District 4 (2012), Pennsylvania",0.845083213,4,24442005,-0.147931579,0.08513357,-0.323027503,0.015277968,-0.040190859,PA,Pennsylvania,42,"State Senate District 5 (2012), Pennsylvania",0.635051267,5,18742006,0.034544869,0.078931951,-0.127473186,0.178343308,0.116652632,PA,Pennsylvania,42,"State Senate District 6 (2012), Pennsylvania",0.542766631,6,23242007,-0.879521409,0.093804787,-1.060005697,-0.69831341,-0.955445969,PA,Pennsylvania,42,"State Senate District 7 (2012), Pennsylvania",0.844848303,7,15042008,-0.653914188,0.086001482,-0.808661738,-0.486928699,-0.647861813,PA,Pennsylvania,42,"State Senate District 8 (2012), Pennsylvania",0.915804908,8,19342009,-0.305704698,0.080581633,-0.468850162,-0.150000965,-0.256212594,PA,Pennsylvania,42,"State Senate District 9 (2012), Pennsylvania",0.547357074,9,21742010,-0.125421473,0.080759154,-0.276461642,0.041104974,-0.042087708,PA,Pennsylvania,42,"State Senate District 10 (2012), Pennsylvania",0.492328913,10,24742011,-0.128540258,0.084062366,-0.29765696,0.030858448,-0.036131594,PA,Pennsylvania,42,"State Senate District 11 (2012), Pennsylvania",0.553294554,11,23742012,-0.115660874,0.092642599,-0.298442077,0.058945688,-0.075240724,PA,Pennsylvania,42,"State Senate District 12 (2012), Pennsylvania",0.500686087,12,20342013,-0.050050655,0.077078931,-0.179379317,0.096643314,0.050494695,PA,Pennsylvania,42,"State Senate District 13 (2012), Pennsylvania",0.46503156,13,25642014,0.076339333,0.080632483,-0.091726687,0.238101804,0.158513742,PA,Pennsylvania,42,"State Senate District 14 (2012), Pennsylvania",0.546074905,14,24742015,-0.398602882,0.074746099,-0.541553602,-0.262009653,-0.338831648,PA,Pennsylvania,42,"State Senate District 15 (2012), Pennsylvania",0.500108642,15,26542016,-0.060410675,0.080509792,-0.215325257,0.089765774,0.061091513,PA,Pennsylvania,42,"State Senate District 16 (2012), Pennsylvania",0.531694324,16,27942017,-0.271450558,0.088587743,-0.444329635,-0.105182869,-0.285162344,PA,Pennsylvania,42,"State Senate District 17 (2012), Pennsylvania",0.615786684,17,19442018,-0.028357502,0.073292092,-0.169958041,0.110807116,0.059078431,PA,Pennsylvania,42,"State Senate District 18 (2012), Pennsylvania",0.576265043,18,26642019,-0.163194345,0.083471978,-0.322939139,0.005116541,-0.08435424,PA,Pennsylvania,42,"State Senate District 19 (2012), Pennsylvania",0.533318866,19,23342020,0.165369704,0.07385011,0.026174143,0.310775697,0.247773825,PA,Pennsylvania,42,"State Senate District 20 (2012), Pennsylvania",0.433874506,20,28442021,0.159477747,0.084064806,-0.002640251,0.320224712,0.215657871,PA,Pennsylvania,42,"State Senate District 21 (2012), Pennsylvania",0.352629727,21,22442022,-0.13107234,0.078726767,-0.27641818,0.017882266,-0.079497757,PA,Pennsylvania,42,"State Senate District 22 (2012), Pennsylvania",0.638249747,22,23342023,0.000596308,0.076665922,-0.16171352,0.140692278,0.069028205,PA,Pennsylvania,42,"State Senate District 23 (2012), Pennsylvania",0.35236571,23,24042024,-0.198906441,0.081918038,-0.372472618,-0.054099321,-0.186076821,PA,Pennsylvania,42,"State Senate District 24 (2012), Pennsylvania",0.476199434,24,25042025,0.24501031,0.074519992,0.100808993,0.39244149,0.324721434,PA,Pennsylvania,42,"State Senate District 25 (2012), Pennsylvania",0.344044162,25,28042026,-0.276578798,0.081054564,-0.432469325,-0.124125649,-0.322520847,PA,Pennsylvania,42,"State Senate District 26 (2012), Pennsylvania",0.56441182,26,23542027,0.245593186,0.081009469,0.089216928,0.393663375,0.340301611,PA,Pennsylvania,42,"State Senate District 27 (2012), Pennsylvania",0.39045305,27,25142028,0.065474382,0.07482938,-0.075199031,0.202398935,0.131939194,PA,Pennsylvania,42,"State Senate District 28 (2012), Pennsylvania",0.410282753,28,27942029,0.19474704,0.072162702,0.059550408,0.326086953,0.236681824,PA,Pennsylvania,42,"State Senate District 29 (2012), Pennsylvania",0.42234483,29,28942030,0.423565005,0.08156223,0.274877375,0.592462063,0.505337658,PA,Pennsylvania,42,"State Senate District 30 (2012), Pennsylvania",0.29935689,30,24542031,0.030029172,0.074632111,-0.106482764,0.181941645,0.125618878,PA,Pennsylvania,42,"State Senate District 31 (2012), Pennsylvania",0.391857298,31,24942032,0.078460532,0.08702654,-0.085119498,0.250822354,0.086754181,PA,Pennsylvania,42,"State Senate District 32 (2012), Pennsylvania",0.398115067,32,20742033,-0.034500205,0.072800102,-0.17157938,0.109256202,-0.000689628,PA,Pennsylvania,42,"State Senate District 33 (2012), Pennsylvania",0.355088199,33,25242034,-0.026601618,0.074067664,-0.175170707,0.132062607,0.00950491,PA,Pennsylvania,42,"State Senate District 34 (2012), Pennsylvania",0.433147702,34,25742035,0.013472826,0.080305425,-0.145376236,0.155305191,0.005065166,PA,Pennsylvania,42,"State Senate District 35 (2012), Pennsylvania",0.359846242,35,24742036,0.301510558,0.079153668,0.149188877,0.448756682,0.381169512,PA,Pennsylvania,42,"State Senate District 36 (2012), Pennsylvania",0.345507618,36,22842037,-0.039397658,0.084934457,-0.196177805,0.129722601,0.027986299,PA,Pennsylvania,42,"State Senate District 37 (2012), Pennsylvania",0.434001392,37,22742038,-0.329960617,0.080856584,-0.480368109,-0.168565749,-0.245047454,PA,Pennsylvania,42,"State Senate District 38 (2012), Pennsylvania",0.467789322,38,22842039,0.271907512,0.074889005,0.113551019,0.413750616,0.305826916,PA,Pennsylvania,42,"State Senate District 39 (2012), Pennsylvania",0.360929088,39,24442040,0.109936183,0.080847847,-0.058005852,0.268390154,0.249931508,PA,Pennsylvania,42,"State Senate District 40 (2012), Pennsylvania",0.498050539,40,24942041,0.373149253,0.085904742,0.198681046,0.540695298,0.435028835,PA,Pennsylvania,42,"State Senate District 41 (2012), Pennsylvania",0.341790961,41,23042042,-0.261212886,0.082259245,-0.426018808,-0.103062696,-0.211578985,PA,Pennsylvania,42,"State Senate District 42 (2012), Pennsylvania",0.67751574,42,22742043,-0.426420495,0.079440413,-0.594797394,-0.280486542,-0.453188482,PA,Pennsylvania,42,"State Senate District 43 (2012), Pennsylvania",0.732828775,43,24342044,0.037233841,0.078143624,-0.115957624,0.188611064,0.081461962,PA,Pennsylvania,42,"State Senate District 44 (2012), Pennsylvania",0.479754903,44,25542045,0.106678233,0.074761503,-0.026173755,0.264917317,0.225782717,PA,Pennsylvania,42,"State Senate District 45 (2012), Pennsylvania",0.538603223,45,24642046,0.2018227,0.089221451,0.027473226,0.371010732,0.287653955,PA,Pennsylvania,42,"State Senate District 46 (2012), Pennsylvania",0.459705651,46,19242047,0.171183787,0.081786539,0.010994796,0.334711731,0.259553468,PA,Pennsylvania,42,"State Senate District 47 (2012), Pennsylvania",0.440515903,47,22842048,0.137311966,0.078520461,-0.013747193,0.287255242,0.247687531,PA,Pennsylvania,42,"State Senate District 48 (2012), Pennsylvania",0.404245672,48,23942049,-0.149487869,0.07414895,-0.301134578,-0.011411046,-0.066939418,PA,Pennsylvania,42,"State Senate District 49 (2012), Pennsylvania",0.593631649,49,26042050,0.180794357,0.076041143,0.027142582,0.325597807,0.267607464,PA,Pennsylvania,42,"State Senate District 50 (2012), Pennsylvania",0.453279823,50,24744001,-0.908086079,0.183139878,-1.257743617,-0.558528759,-1.003471903,RI,Rhode Island,44,"State Senate District 1 (2012), Rhode Island",0.83090379,1,2544002,-0.707787989,0.207697237,-1.098849507,-0.328159561,-0.743483818,RI,Rhode Island,44,"State Senate District 2 (2012), Rhode Island",0.931766382,2,1344003,-1.04115197,0.187810823,-1.419624482,-0.701026141,-1.598754173,RI,Rhode Island,44,"State Senate District 3 (2012), Rhode Island",0.814190649,3,2644004,-0.32763169,0.172326988,-0.658714681,0.017771189,-0.138187651,RI,Rhode Island,44,"State Senate District 4 (2012), Rhode Island",0.668560441,4,2944005,-0.671999439,0.189598574,-1.00763856,-0.313458281,-0.628351928,RI,Rhode Island,44,"State Senate District 5 (2012), Rhode Island",0.862163575,5,1944006,-1.061740231,0.201965554,-1.461282075,-0.644494719,-1.387574264,RI,Rhode Island,44,"State Senate District 6 (2012), Rhode Island",0.946844724,6,1544007,-0.758306343,0.195745384,-1.157152062,-0.355657127,-0.978251602,RI,Rhode Island,44,"State Senate District 7 (2012), Rhode Island",0.775534132,7,1644008,-0.562160474,0.160330479,-0.879499568,-0.245626934,-0.493251311,RI,Rhode Island,44,"State Senate District 8 (2012), Rhode Island",0.738793581,8,3744009,-0.430694053,0.168312943,-0.772750729,-0.120939362,-0.361550734,RI,Rhode Island,44,"State Senate District 9 (2012), Rhode Island",0.618769434,9,4144010,-0.269086606,0.179055249,-0.638050903,0.088796262,-0.291874484,RI,Rhode Island,44,"State Senate District 10 (2012), Rhode Island",0.634179766,10,2944011,-0.064410181,0.181871772,-0.42469282,0.277021572,0.228629372,RI,Rhode Island,44,"State Senate District 11 (2012), Rhode Island",0.569263224,11,2244012,0.025687695,0.209646303,-0.39003539,0.414570768,0.549187547,RI,Rhode Island,44,"State Senate District 12 (2012), Rhode Island",0.599800169,12,1844013,-0.35925957,0.190245666,-0.715142655,-0.001222608,-0.332413188,RI,Rhode Island,44,"State Senate District 13 (2012), Rhode Island",0.661648314,13,2644014,-0.436775938,0.181887933,-0.820104315,-0.091418826,-0.549224994,RI,Rhode Island,44,"State Senate District 14 (2012), Rhode Island",0.750820622,14,1944015,-0.578033503,0.191504465,-0.962605702,-0.234252196,-0.646196898,RI,Rhode Island,44,"State Senate District 15 (2012), Rhode Island",0.809934963,15,1844016,-0.609426791,0.201699099,-0.989352869,-0.207697303,-0.184081731,RI,Rhode Island,44,"State Senate District 16 (2012), Rhode Island",0.883619941,16,1544017,-0.177239483,0.180143381,-0.544012606,0.172187655,0.013086727,RI,Rhode Island,44,"State Senate District 17 (2012), Rhode Island",0.539873822,17,2644018,-0.182764736,0.182899987,-0.531720498,0.170739609,0.109941597,RI,Rhode Island,44,"State Senate District 18 (2012), Rhode Island",0.687851423,18,2544019,-0.175499785,0.154766696,-0.454443401,0.130404144,0.122561093,RI,Rhode Island,44,"State Senate District 19 (2012), Rhode Island",0.576394194,19,3944020,-0.311548837,0.193548034,-0.687723865,0.040105721,-0.210619329,RI,Rhode Island,44,"State Senate District 20 (2012), Rhode Island",0.603890895,20,2144021,-0.103740194,0.174503498,-0.458212782,0.237576051,-0.084148177,RI,Rhode Island,44,"State Senate District 21 (2012), Rhode Island",0.510039875,21,2544022,-0.071420923,0.1950595,-0.438937122,0.283893732,0.290617054,RI,Rhode Island,44,"State Senate District 22 (2012), Rhode Island",0.559252997,22,2044023,-0.190103798,0.175243155,-0.531962948,0.142915635,-0.342087725,RI,Rhode Island,44,"State Senate District 23 (2012), Rhode Island",0.532598572,23,2544024,-0.289135216,0.186251373,-0.641086825,0.080177659,0.053543845,RI,Rhode Island,44,"State Senate District 24 (2012), Rhode Island",0.645884129,24,1844025,-0.291731642,0.155691291,-0.604228575,0.010505892,-0.114369268,RI,Rhode Island,44,"State Senate District 25 (2012), Rhode Island",0.58066294,25,3644026,-0.203321635,0.199532481,-0.571272168,0.211332657,-0.420313317,RI,Rhode Island,44,"State Senate District 26 (2012), Rhode Island",0.563354364,26,1444027,-0.583586207,0.175344183,-0.922332191,-0.225883854,-0.65905414,RI,Rhode Island,44,"State Senate District 27 (2012), Rhode Island",0.580873309,27,3044028,-0.533109376,0.196361965,-0.918074363,-0.16778799,-0.588032807,RI,Rhode Island,44,"State Senate District 28 (2012), Rhode Island",0.736745887,28,1544029,-0.459175667,0.178230915,-0.819846831,-0.115583827,-0.522120026,RI,Rhode Island,44,"State Senate District 29 (2012), Rhode Island",0.63659971,29,2944030,-0.209043512,0.195899081,-0.566735208,0.1648611,0.059915,RI,Rhode Island,44,"State Senate District 30 (2012), Rhode Island",0.616472416,30,1944031,-0.284915463,0.184372825,-0.624427235,0.099457859,-0.121364136,RI,Rhode Island,44,"State Senate District 31 (2012), Rhode Island",0.605661911,31,2944032,-0.379574868,0.210043859,-0.78435543,0.042110766,-0.361279024,RI,Rhode Island,44,"State Senate District 32 (2012), Rhode Island",0.607363984,32,1444033,-0.099041075,0.157346575,-0.408980867,0.192810084,0.130252675,RI,Rhode Island,44,"State Senate District 33 (2012), Rhode Island",0.561275272,33,3844034,-0.300117349,0.18999457,-0.690614467,0.03804815,-0.22311465,RI,Rhode Island,44,"State Senate District 34 (2012), Rhode Island",0.564516129,34,2244035,-0.365878853,0.181853567,-0.716295615,-0.005839679,-0.352707577,RI,Rhode Island,44,"State Senate District 35 (2012), Rhode Island",0.511247863,35,2844036,-0.426317649,0.183097432,-0.780847014,-0.060299304,-0.347262384,RI,Rhode Island,44,"State Senate District 36 (2012), Rhode Island",0.575003419,36,3244037,-0.655254318,0.1583453,-0.963859362,-0.353373036,-0.824838404,RI,Rhode Island,44,"State Senate District 37 (2012), Rhode Island",0.657972875,37,4044038,-0.110111372,0.17012228,-0.441961061,0.204976163,0.064776287,RI,Rhode Island,44,"State Senate District 38 (2012), Rhode Island",0.582064173,38,2845001,0.310230382,0.157857789,0.005828174,0.617474651,0.386344267,SC,South Carolina,45,"State Senate District 1 (2012), South Carolina",0.308493274,1,4745002,0.278269593,0.129031738,0.030932173,0.529888957,0.285555314,SC,South Carolina,45,"State Senate District 2 (2012), South Carolina",0.222737346,2,6445003,0.285781163,0.12346129,0.039182395,0.514286623,0.212059234,SC,South Carolina,45,"State Senate District 3 (2012), South Carolina",0.271063038,3,7445004,0.212969832,0.15620053,-0.098864145,0.527627934,0.404001284,SC,South Carolina,45,"State Senate District 4 (2012), South Carolina",0.359287459,4,4045005,0.325566094,0.134625707,0.066756093,0.58466268,0.508277967,SC,South Carolina,45,"State Senate District 5 (2012), South Carolina",0.241570111,5,6745006,0.136111096,0.130787881,-0.124892499,0.379739019,0.259654312,SC,South Carolina,45,"State Senate District 6 (2012), South Carolina",0.312256906,6,7145007,0.085593363,0.121135848,-0.167198062,0.323587594,0.203047555,SC,South Carolina,45,"State Senate District 7 (2012), South Carolina",0.641739952,7,9945008,0.170847736,0.115919445,-0.068271721,0.395268552,0.217643375,SC,South Carolina,45,"State Senate District 8 (2012), South Carolina",0.331372469,8,9445009,0.093438682,0.152282475,-0.214146332,0.401515966,0.127930262,SC,South Carolina,45,"State Senate District 9 (2012), South Carolina",0.377708732,9,4645010,0.352372713,0.134843575,0.093889683,0.612752441,0.536553295,SC,South Carolina,45,"State Senate District 10 (2012), South Carolina",0.467623815,10,6645011,0.209651657,0.132801722,-0.0647303,0.447202173,0.34052134,SC,South Carolina,45,"State Senate District 11 (2012), South Carolina",0.469429529,11,7245012,0.351164348,0.135917549,0.091696645,0.606960863,0.496249702,SC,South Carolina,45,"State Senate District 12 (2012), South Carolina",0.336455674,12,7345013,0.213838049,0.13126741,-0.027383019,0.462777467,0.251925819,SC,South Carolina,45,"State Senate District 13 (2012), South Carolina",0.366157483,13,6545014,0.403845321,0.134936194,0.137288724,0.660583308,0.505455091,SC,South Carolina,45,"State Senate District 14 (2012), South Carolina",0.323363741,14,5845015,0.024512739,0.122456424,-0.208208435,0.274633803,0.002328086,SC,South Carolina,45,"State Senate District 15 (2012), South Carolina",0.3879969,15,9745016,0.21592478,0.123058268,-0.016756328,0.450326079,0.223249635,SC,South Carolina,45,"State Senate District 16 (2012), South Carolina",0.388063265,16,8845017,0.207134821,0.147186378,-0.079720228,0.490617498,0.462300755,SC,South Carolina,45,"State Senate District 17 (2012), South Carolina",0.575595494,17,7245018,0.289136205,0.152008101,-0.016083425,0.598198199,0.426020591,SC,South Carolina,45,"State Senate District 18 (2012), South Carolina",0.31479738,18,5145019,-0.396412724,0.1151777,-0.615464509,-0.154179988,-0.389507462,SC,South Carolina,45,"State Senate District 19 (2012), South Carolina",0.826170799,19,9345020,0.041118842,0.12157028,-0.2075086,0.271612012,0.027372887,SC,South Carolina,45,"State Senate District 20 (2012), South Carolina",0.45136135,20,8345021,-0.385969826,0.13716975,-0.649746838,-0.125410704,-0.345516499,SC,South Carolina,45,"State Senate District 21 (2012), South Carolina",0.777456264,21,5545022,-0.282128311,0.106426132,-0.492521362,-0.056761542,-0.494448639,SC,South Carolina,45,"State Senate District 22 (2012), South Carolina",0.574590725,22,10845023,0.165798324,0.133201259,-0.080809439,0.412271186,0.17005367,SC,South Carolina,45,"State Senate District 23 (2012), South Carolina",0.290026852,23,5945024,0.244937443,0.118772825,0.019779695,0.47024516,0.324556641,SC,South Carolina,45,"State Senate District 24 (2012), South Carolina",0.323484543,24,10445025,0.589371835,0.153641312,0.293395693,0.897430485,0.978717481,SC,South Carolina,45,"State Senate District 25 (2012), South Carolina",0.335847787,25,5045026,0.065726265,0.138286667,-0.196273927,0.329854692,0.156644159,SC,South Carolina,45,"State Senate District 26 (2012), South Carolina",0.465989821,26,6245027,0.102965994,0.140744161,-0.184874335,0.377946194,0.074857525,SC,South Carolina,45,"State Senate District 27 (2012), South Carolina",0.445181675,27,5245028,0.091816765,0.135905654,-0.156313522,0.369233687,0.206421413,SC,South Carolina,45,"State Senate District 28 (2012), South Carolina",0.36798945,28,7945029,0.152541744,0.129179608,-0.100525033,0.383662096,0.377276437,SC,South Carolina,45,"State Senate District 29 (2012), South Carolina",0.575799863,29,6545030,-0.204097559,0.133236462,-0.442397157,0.073850954,-0.195083607,SC,South Carolina,45,"State Senate District 30 (2012), South Carolina",0.660364619,30,6845031,-0.054985671,0.137373464,-0.298792542,0.208818693,-0.196005885,SC,South Carolina,45,"State Senate District 31 (2012), South Carolina",0.379923854,31,7645032,-0.032602483,0.156723135,-0.321736385,0.276771218,0.027431837,SC,South Carolina,45,"State Senate District 32 (2012), South Carolina",0.649084578,32,4445033,0.069805737,0.116774395,-0.144470821,0.295529816,0.246645437,SC,South Carolina,45,"State Senate District 33 (2012), South Carolina",0.358939339,33,10345034,0.185973102,0.113222407,-0.04562123,0.40409765,0.214969666,SC,South Carolina,45,"State Senate District 34 (2012), South Carolina",0.350658418,34,10645035,0.187761339,0.122568599,-0.053742763,0.416322858,0.415137913,SC,South Carolina,45,"State Senate District 35 (2012), South Carolina",0.493961964,35,9245036,-0.029274036,0.134462587,-0.312024925,0.239164558,-0.089907411,SC,South Carolina,45,"State Senate District 36 (2012), South Carolina",0.608275181,36,6945037,0.294664737,0.134107738,0.051050348,0.577475085,0.434996768,SC,South Carolina,45,"State Senate District 37 (2012), South Carolina",0.364456352,37,7345038,0.234903627,0.112440976,0.014131479,0.445897357,0.350342959,SC,South Carolina,45,"State Senate District 38 (2012), South Carolina",0.397560681,38,11145039,-0.049479316,0.153876362,-0.356611749,0.256496612,-0.091206151,SC,South Carolina,45,"State Senate District 39 (2012), South Carolina",0.64242532,39,4745040,0.004824578,0.142871507,-0.277837519,0.279281641,-0.113092415,SC,South Carolina,45,"State Senate District 40 (2012), South Carolina",0.610039718,40,5845041,0.128560634,0.131629385,-0.11625987,0.400920176,0.212122138,SC,South Carolina,45,"State Senate District 41 (2012), South Carolina",0.432719861,41,7645042,-0.218870407,0.127952842,-0.458374623,0.032735462,-0.123054818,SC,South Carolina,45,"State Senate District 42 (2012), South Carolina",0.793604651,42,7545043,0.09116421,0.124980119,-0.138823867,0.320792658,0.220531684,SC,South Carolina,45,"State Senate District 43 (2012), South Carolina",0.409562438,43,7345044,0.158330665,0.132208923,-0.085728972,0.423411209,0.145743103,SC,South Carolina,45,"State Senate District 44 (2012), South Carolina",0.418233367,44,7945045,-0.189199995,0.131103938,-0.445631407,0.068978106,-0.118846387,SC,South Carolina,45,"State Senate District 45 (2012), South Carolina",0.637258697,45,7045046,0.486299793,0.119987427,0.254179968,0.708144549,0.645001133,SC,South Carolina,45,"State Senate District 46 (2012), South Carolina",0.369325823,46,8946001,0.248150279,0.197104667,-0.154413364,0.606062747,0.177607717,SD,South Dakota,46,"State Senate District 1 (2012), South Dakota",0.526019162,1,1446002,0.047910095,0.214428185,-0.372277462,0.440293389,-0.153347541,SD,South Dakota,46,"State Senate District 2 (2012), South Dakota",0.4289307,2,1746003,0.408672475,0.194996724,0.040643634,0.773134346,0.542290204,SD,South Dakota,46,"State Senate District 3 (2012), South Dakota",0.458871516,3,2146004,0.210393399,0.180797424,-0.123478911,0.579258082,0.297132906,SD,South Dakota,46,"State Senate District 4 (2012), South Dakota",0.419278209,4,2646005,0.353673726,0.181807102,-0.027943458,0.721047825,0.637501097,SD,South Dakota,46,"State Senate District 5 (2012), South Dakota",0.406856204,5,2146006,0.264382044,0.199285437,-0.142372526,0.623276807,0.89873385,SD,South Dakota,46,"State Senate District 6 (2012), South Dakota",0.391945089,6,1646007,-0.073051386,0.189874857,-0.450019417,0.284897347,-0.508181473,SD,South Dakota,46,"State Senate District 7 (2012), South Dakota",0.518464881,7,2246008,0.542836666,0.18243556,0.175358308,0.915004015,0.742392715,SD,South Dakota,46,"State Senate District 8 (2012), South Dakota",0.444375608,8,2446009,0.045335518,0.213872591,-0.376664423,0.471998778,-0.092733836,SD,South Dakota,46,"State Senate District 9 (2012), South Dakota",0.459383754,9,1146010,0.095890391,0.178986977,-0.251296982,0.479798198,0.198109431,SD,South Dakota,46,"State Senate District 10 (2012), South Dakota",0.434925047,10,2346011,0.113859615,0.161839345,-0.2067608,0.408396347,0.1244243,SD,South Dakota,46,"State Senate District 11 (2012), South Dakota",0.427851904,11,3646012,0.057567741,0.189975509,-0.28684287,0.42591346,-0.102111632,SD,South Dakota,46,"State Senate District 12 (2012), South Dakota",0.442165191,12,1846013,0.319803196,0.169928251,0.007950444,0.644002957,0.702318842,SD,South Dakota,46,"State Senate District 13 (2012), South Dakota",0.43142558,13,2846014,-0.049750603,0.170752048,-0.388553733,0.279437348,0.00320755,SD,South Dakota,46,"State Senate District 14 (2012), South Dakota",0.46110041,14,3246015,0.221077357,0.203374008,-0.17081689,0.634561422,0.449323037,SD,South Dakota,46,"State Senate District 15 (2012), South Dakota",0.626720376,15,1246016,0.316798396,0.188594335,-0.076245334,0.68558076,0.32211425,SD,South Dakota,46,"State Senate District 16 (2012), South Dakota",0.377781734,16,2046017,-0.25384601,0.206236108,-0.637134845,0.153613157,-0.829857916,SD,South Dakota,46,"State Senate District 17 (2012), South Dakota",0.473125271,17,1746018,0.237369208,0.208066735,-0.170651773,0.645535225,0.093800072,SD,South Dakota,46,"State Senate District 18 (2012), South Dakota",0.434728937,18,1446019,0.065823167,0.187344832,-0.316091977,0.418849765,-0.351435964,SD,South Dakota,46,"State Senate District 19 (2012), South Dakota",0.313459268,19,2346020,-0.000843241,0.187347203,-0.388243803,0.359586881,-0.200588412,SD,South Dakota,46,"State Senate District 20 (2012), South Dakota",0.399054094,20,2246021,0.178459428,0.185115291,-0.17249343,0.547175885,0.032960863,SD,South Dakota,46,"State Senate District 21 (2012), South Dakota",0.332637947,21,1646022,0.395894637,0.195214064,0.004481857,0.74737821,0.67228373,SD,South Dakota,46,"State Senate District 22 (2012), South Dakota",0.411539258,22,1846023,0.415621605,0.17191616,0.088144791,0.743026595,0.606164724,SD,South Dakota,46,"State Senate District 23 (2012), South Dakota",0.28362061,23,3046024,0.02295191,0.192409742,-0.390704462,0.375466508,-0.346197518,SD,South Dakota,46,"State Senate District 24 (2012), South Dakota",0.326256578,24,1446025,0.247484767,0.205573332,-0.135808998,0.639236171,0.499904778,SD,South Dakota,46,"State Senate District 25 (2012), South Dakota",0.398712148,25,1446026,0.299729556,0.193241251,-0.096591095,0.672707838,0.367189553,SD,South Dakota,46,"State Senate District 26 (2012), South Dakota",0.523597934,26,1546027,0.372449922,0.243721787,-0.069141451,0.888395817,2.038455721,SD,South Dakota,46,"State Senate District 27 (2012), South Dakota",0.60398524,27,246028,0.202248421,0.236467972,-0.265461948,0.63232146,0.413125738,SD,South Dakota,46,"State Senate District 28 (2012), South Dakota",0.377518789,28,646029,0.640794095,0.191544172,0.287443653,0.985637777,1.144093781,SD,South Dakota,46,"State Senate District 29 (2012), South Dakota",0.275062657,29,2046030,0.534764265,0.172822946,0.203577884,0.894018098,0.882306824,SD,South Dakota,46,"State Senate District 30 (2012), South Dakota",0.29262269,30,3546031,-0.023625015,0.160880441,-0.337373094,0.302560249,-0.077941256,SD,South Dakota,46,"State Senate District 31 (2012), South Dakota",0.3612475,31,3846032,0.148286069,0.156939178,-0.142344753,0.440921196,0.213998468,SD,South Dakota,46,"State Senate District 32 (2012), South Dakota",0.38990643,32,3446033,0.200729455,0.19352387,-0.164881045,0.594691078,0.340592689,SD,South Dakota,46,"State Senate District 33 (2012), South Dakota",0.33626679,33,1946034,0.245324826,0.170184617,-0.067681043,0.595361436,0.584722575,SD,South Dakota,46,"State Senate District 34 (2012), South Dakota",0.350087719,34,2946035,0.02699056,0.190692364,-0.335705434,0.397883844,-0.272817252,SD,South Dakota,46,"State Senate District 35 (2012), South Dakota",0.363878327,35,1847001,0.177776273,0.112228487,-0.053474963,0.397868704,0.212718236,TN,Tennessee,47,"State Senate District 1 (2012), Tennessee",0.256896138,1,12547002,0.52280836,0.097917253,0.33375626,0.725180838,0.655819874,TN,Tennessee,47,"State Senate District 2 (2012), Tennessee",0.25159024,2,13547003,0.220060695,0.103749141,0.013924106,0.427184371,0.250183644,TN,Tennessee,47,"State Senate District 3 (2012), Tennessee",0.286908675,3,14047004,0.431868684,0.106436591,0.225077283,0.656648126,0.510984704,TN,Tennessee,47,"State Senate District 4 (2012), Tennessee",0.255934964,4,13947005,0.368895145,0.089172277,0.208487833,0.549507156,0.453925477,TN,Tennessee,47,"State Senate District 5 (2012), Tennessee",0.301524508,5,16547006,0.032459453,0.100870599,-0.163487099,0.228050077,0.041171979,TN,Tennessee,47,"State Senate District 6 (2012), Tennessee",0.348979511,6,14547007,0.007262387,0.0973188,-0.186652465,0.19580548,0.056239914,TN,Tennessee,47,"State Senate District 7 (2012), Tennessee",0.366619994,7,15447008,0.344615686,0.122200657,0.100656763,0.566765167,0.354072116,TN,Tennessee,47,"State Senate District 8 (2012), Tennessee",0.249213811,8,10547009,0.406322223,0.098722021,0.229254762,0.587362367,0.45101914,TN,Tennessee,47,"State Senate District 9 (2012), Tennessee",0.265104127,9,13747010,-0.018333448,0.093476277,-0.198494897,0.151647026,0.020302963,TN,Tennessee,47,"State Senate District 10 (2012), Tennessee",0.46761114,10,15247011,0.209961535,0.104786367,0.018981901,0.440265309,0.266847392,TN,Tennessee,47,"State Senate District 11 (2012), Tennessee",0.346196812,11,13047012,0.321317517,0.09708469,0.12573285,0.511665791,0.343717032,TN,Tennessee,47,"State Senate District 12 (2012), Tennessee",0.266850448,12,15847013,0.2708515,0.101891781,0.085358237,0.467804084,0.377299719,TN,Tennessee,47,"State Senate District 13 (2012), Tennessee",0.379729044,13,15347014,0.382536615,0.102788772,0.162886048,0.572896636,0.437791491,TN,Tennessee,47,"State Senate District 14 (2012), Tennessee",0.321315568,14,13847015,0.366077504,0.088587565,0.198830981,0.531148643,0.450619923,TN,Tennessee,47,"State Senate District 15 (2012), Tennessee",0.302442864,15,17047016,0.413459657,0.107844147,0.209035752,0.641191702,0.488103507,TN,Tennessee,47,"State Senate District 16 (2012), Tennessee",0.349519474,16,11747017,0.457365252,0.099580459,0.266201767,0.63035955,0.548300878,TN,Tennessee,47,"State Senate District 17 (2012), Tennessee",0.29905162,17,14247018,0.408154375,0.104504213,0.202564735,0.619216767,0.488162985,TN,Tennessee,47,"State Senate District 18 (2012), Tennessee",0.312023895,18,13047019,-0.558598746,0.096919228,-0.740234154,-0.377249127,-0.512024506,TN,Tennessee,47,"State Senate District 19 (2012), Tennessee",0.832202221,19,15547020,0.029810305,0.090373087,-0.147103139,0.21129501,0.07522126,TN,Tennessee,47,"State Senate District 20 (2012), Tennessee",0.430546692,20,18647021,-0.13218564,0.100152505,-0.335330155,0.047436058,-0.182851643,TN,Tennessee,47,"State Senate District 21 (2012), Tennessee",0.625370309,21,15047022,0.318024241,0.111914121,0.106517033,0.53343687,0.41347669,TN,Tennessee,47,"State Senate District 22 (2012), Tennessee",0.445669668,22,11047023,0.486280274,0.09556876,0.294274319,0.662872875,0.653699295,TN,Tennessee,47,"State Senate District 23 (2012), Tennessee",0.26467492,23,15747024,0.416054483,0.10715615,0.175663378,0.611740328,0.455849476,TN,Tennessee,47,"State Senate District 24 (2012), Tennessee",0.321655833,24,13247025,0.312207276,0.096998122,0.116198219,0.500162057,0.382111934,TN,Tennessee,47,"State Senate District 25 (2012), Tennessee",0.341471143,25,15347026,0.425961911,0.112463033,0.207228671,0.631254947,0.533985327,TN,Tennessee,47,"State Senate District 26 (2012), Tennessee",0.35133674,26,11747027,0.080094307,0.127019531,-0.177325288,0.320057731,0.031461488,TN,Tennessee,47,"State Senate District 27 (2012), Tennessee",0.408870646,27,8847028,0.158813615,0.109774904,-0.042379805,0.382395564,0.21192954,TN,Tennessee,47,"State Senate District 28 (2012), Tennessee",0.331011093,28,13647029,-0.526425398,0.105405457,-0.726418375,-0.335045742,-0.600309895,TN,Tennessee,47,"State Senate District 29 (2012), Tennessee",0.861513213,29,12547030,-0.481089981,0.117810305,-0.69279642,-0.238361533,-0.444684076,TN,Tennessee,47,"State Senate District 30 (2012), Tennessee",0.820808127,30,10347031,0.185227214,0.104562335,0.001964225,0.404272816,0.218403675,TN,Tennessee,47,"State Senate District 31 (2012), Tennessee",0.392285089,31,13547032,0.541442017,0.109071449,0.320477586,0.749247962,0.651442411,TN,Tennessee,47,"State Senate District 32 (2012), Tennessee",0.281968438,32,11947033,-0.422890436,0.114211219,-0.646551395,-0.211523575,-0.448246173,TN,Tennessee,47,"State Senate District 33 (2012), Tennessee",0.857001134,33,11848001,0.64414142,0.058951024,0.53314503,0.768615375,0.745909075,TX,Texas,48,"State Senate District 1 (2012), Texas",0.271244664,1,46348002,0.111288715,0.05438647,0.008819306,0.215839205,0.18831342,TX,Texas,48,"State Senate District 2 (2012), Texas",0.359330028,2,58948003,0.477066417,0.060231334,0.364473422,0.598170401,0.571994416,TX,Texas,48,"State Senate District 3 (2012), Texas",0.236671213,3,49448004,0.455071685,0.057384068,0.332707249,0.564195097,0.562677175,TX,Texas,48,"State Senate District 4 (2012), Texas",0.291581863,4,51448005,0.221935583,0.051263839,0.127766747,0.323062445,0.273030833,TX,Texas,48,"State Senate District 5 (2012), Texas",0.353165078,5,64348006,-0.161499416,0.072171461,-0.307157069,-0.025541499,-0.065030696,TX,Texas,48,"State Senate District 6 (2012), Texas",0.671561444,6,32348007,0.272339064,0.055383153,0.162275921,0.387031929,0.337639306,TX,Texas,48,"State Senate District 7 (2012), Texas",0.323843135,7,60448008,0.283629457,0.05080519,0.186105687,0.38190649,0.354777912,TX,Texas,48,"State Senate District 8 (2012), Texas",0.372421256,8,66148009,0.116844787,0.050537074,0.015849196,0.213119088,0.208424164,TX,Texas,48,"State Senate District 9 (2012), Texas",0.39776262,9,62848010,-0.011676915,0.051607057,-0.114733759,0.091928423,0.058672601,TX,Texas,48,"State Senate District 10 (2012), Texas",0.459761713,10,60448011,0.291604338,0.057646813,0.178394312,0.400566896,0.360677496,TX,Texas,48,"State Senate District 11 (2012), Texas",0.340125594,11,50748012,0.20621219,0.049748693,0.108738323,0.299823373,0.281302551,TX,Texas,48,"State Senate District 12 (2012), Texas",0.327055157,12,65148013,-0.39889558,0.06093327,-0.506558131,-0.271585455,-0.506825504,TX,Texas,48,"State Senate District 13 (2012), Texas",0.844232234,13,46448014,-0.606966714,0.046183076,-0.698240945,-0.512621518,-0.571726909,TX,Texas,48,"State Senate District 14 (2012), Texas",0.624729468,14,71648015,-0.127226284,0.061883038,-0.252519241,-0.003640628,-0.098967837,TX,Texas,48,"State Senate District 15 (2012), Texas",0.597476344,15,45248016,-0.10266403,0.046944861,-0.191820936,-0.011769949,-0.095562472,TX,Texas,48,"State Senate District 16 (2012), Texas",0.421921248,16,65748017,0.114723836,0.057255645,0.010692263,0.223931727,0.132007106,TX,Texas,48,"State Senate District 17 (2012), Texas",0.397433427,17,53748018,0.358609965,0.056923135,0.247119239,0.470420199,0.46690639,TX,Texas,48,"State Senate District 18 (2012), Texas",0.318938498,18,45848019,-0.022167509,0.062219219,-0.146129177,0.098124249,0.026295225,TX,Texas,48,"State Senate District 19 (2012), Texas",0.552949832,19,42248020,-0.051076,0.062958038,-0.181095477,0.067715084,0.001801024,TX,Texas,48,"State Senate District 20 (2012), Texas",0.578330279,20,40948021,-0.092709869,0.060908785,-0.206092217,0.028552989,0.007347138,TX,Texas,48,"State Senate District 21 (2012), Texas",0.594603867,21,41348022,0.368131435,0.055195807,0.253554553,0.468883815,0.430333293,TX,Texas,48,"State Senate District 22 (2012), Texas",0.311069265,22,51148023,-0.435708407,0.060226387,-0.547990444,-0.319858596,-0.484465897,TX,Texas,48,"State Senate District 23 (2012), Texas",0.817608629,23,44848024,0.300839489,0.048616596,0.216501242,0.390906235,0.375698751,TX,Texas,48,"State Senate District 24 (2012), Texas",0.281848689,24,68648025,0.205744191,0.042528056,0.128282061,0.294001579,0.299580698,TX,Texas,48,"State Senate District 25 (2012), Texas",0.346004032,25,82948026,-0.284261593,0.05083576,-0.37813648,-0.183150604,-0.256733591,TX,Texas,48,"State Senate District 26 (2012), Texas",0.630794858,26,59648027,-0.053502155,0.077299132,-0.209983208,0.097841161,-0.015357654,TX,Texas,48,"State Senate District 27 (2012), Texas",0.690938435,27,27848028,0.423364032,0.061721027,0.304036117,0.5570707,0.552521732,TX,Texas,48,"State Senate District 28 (2012), Texas",0.253545427,28,46748029,-0.076070596,0.060480032,-0.192749162,0.036503694,-0.002073429,TX,Texas,48,"State Senate District 29 (2012), Texas",0.661598764,29,45548030,0.279700081,0.05481042,0.174515646,0.393496987,0.348969322,TX,Texas,48,"State Senate District 30 (2012), Texas",0.22978697,30,56148031,0.545132633,0.069366242,0.41091368,0.677884493,0.702731028,TX,Texas,48,"State Senate District 31 (2012), Texas",0.194294293,31,36849001,-0.398857152,0.145248405,-0.676608312,-0.119783792,-0.404649923,UT,Utah,49,"State Senate District 1 (2012), Utah",0.479987243,1,5549002,-0.745661947,0.123394923,-0.979063523,-0.499315581,-0.857754386,UT,Utah,49,"State Senate District 2 (2012), Utah",0.66469154,2,8649003,-0.40857367,0.132568737,-0.650017264,-0.14471529,-0.559094054,UT,Utah,49,"State Senate District 3 (2012), Utah",0.546833631,3,7349004,-0.210551008,0.145478324,-0.49328723,0.093817017,-0.225417309,UT,Utah,49,"State Senate District 4 (2012), Utah",0.46532921,4,5949005,-0.204433275,0.12118165,-0.438528521,0.034095046,-0.202026318,UT,Utah,49,"State Senate District 5 (2012), Utah",0.416237063,5,8349006,-0.040018527,0.122351171,-0.284646302,0.198277592,0.056614301,UT,Utah,49,"State Senate District 6 (2012), Utah",0.324013994,6,8349007,0.531057617,0.147512886,0.250673256,0.803605452,0.758615143,UT,Utah,49,"State Senate District 7 (2012), Utah",0.105322018,7,5149008,-0.293770525,0.131347204,-0.551106939,-0.040703543,-0.315160753,UT,Utah,49,"State Senate District 8 (2012), Utah",0.416912311,8,8749009,0.37193808,0.135547546,0.099777396,0.618243595,0.550382402,UT,Utah,49,"State Senate District 9 (2012), Utah",0.32363088,9,7049010,0.095115888,0.153573075,-0.214346629,0.383228418,0.216812736,UT,Utah,49,"State Senate District 10 (2012), Utah",0.211170718,10,4949011,0.354705394,0.15943411,0.0271371,0.671348022,0.522185162,UT,Utah,49,"State Senate District 11 (2012), Utah",0.195274793,11,4549012,0.265647579,0.134168192,0.013401916,0.532869286,0.378439756,UT,Utah,49,"State Senate District 12 (2012), Utah",0.331473555,12,6649013,0.573344869,0.14029337,0.306712164,0.851770142,0.781160079,UT,Utah,49,"State Senate District 13 (2012), Utah",0.100490844,13,6449014,0.824222277,0.12560572,0.568989112,1.068508481,1.179821663,UT,Utah,49,"State Senate District 14 (2012), Utah",0.074119077,14,6949015,0.551843066,0.139427536,0.262625126,0.836140353,0.839511928,UT,Utah,49,"State Senate District 15 (2012), Utah",0.115191114,15,6349016,0.489147543,0.116126047,0.261924989,0.720076578,0.751973504,UT,Utah,49,"State Senate District 16 (2012), Utah",0.115386115,16,9649017,0.286909159,0.132041694,0.053336791,0.546311448,0.455113591,UT,Utah,49,"State Senate District 17 (2012), Utah",0.125587586,17,7049018,0.221324243,0.140413455,-0.060714959,0.490737996,0.457432786,UT,Utah,49,"State Senate District 18 (2012), Utah",0.284066638,18,6649019,0.094197817,0.148964493,-0.233416147,0.353618722,0.135083511,UT,Utah,49,"State Senate District 19 (2012), Utah",0.302246344,19,4949020,0.031961387,0.136452276,-0.251748363,0.307767411,-0.011496249,UT,Utah,49,"State Senate District 20 (2012), Utah",0.206058471,20,6049021,0.121422087,0.127602753,-0.116374423,0.370028569,0.192273149,UT,Utah,49,"State Senate District 21 (2012), Utah",0.178076935,21,8049022,0.507018731,0.131792039,0.251989443,0.75852376,0.848627891,UT,Utah,49,"State Senate District 22 (2012), Utah",0.170350882,22,8049023,0.119135738,0.109806472,-0.095319612,0.312121914,0.186697814,UT,Utah,49,"State Senate District 23 (2012), Utah",0.229479148,23,10449024,0.104077608,0.143140193,-0.157543905,0.391949303,0.039491071,UT,Utah,49,"State Senate District 24 (2012), Utah",0.115954543,24,6249025,0.240635488,0.123839045,-0.003998574,0.472301799,0.383255146,UT,Utah,49,"State Senate District 25 (2012), Utah",0.160634648,25,8849026,0.141745764,0.14904718,-0.136230353,0.42222553,0.175472722,UT,Utah,49,"State Senate District 26 (2012), Utah",0.241505417,26,4449027,0.342541281,0.122313436,0.101524802,0.575149428,0.469391248,UT,Utah,49,"State Senate District 27 (2012), Utah",0.238035942,27,7349028,0.565447391,0.126055219,0.311661618,0.817298995,0.806124854,UT,Utah,49,"State Senate District 28 (2012), Utah",0.14145195,28,8049029,0.408237711,0.115287792,0.180418097,0.65503291,0.628301818,UT,Utah,49,"State Senate District 29 (2012), Utah",0.159088472,29,10050ADD,-0.443353068,0.154173409,-0.744690746,-0.13785222,-0.774146426,VT,Vermont,50,"Addison State Senate District (2012), Vermont",NA,ADD,4850BEN,-0.257380817,0.16719369,-0.567959376,0.079964424,-0.403386571,VT,Vermont,50,"Bennington State Senate District (2012), Vermont",NA,BEN,2850CAL,-0.300670562,0.16222933,-0.608696482,0.006176666,-0.486656785,VT,Vermont,50,"Caledonia State Senate District (2012), Vermont",NA,CAL,4650CGI,-0.222108983,0.173560319,-0.557129548,0.10046872,-0.31352437,VT,Vermont,50,"Grand-Isle-Chittenden State Senate District (2012), Vermont",NA,CGI,2650CHI,-0.461257684,0.103425768,-0.683282567,-0.265350056,-0.460289503,VT,Vermont,50,"Chittenden State Senate District (2012), Vermont",NA,CHI,13450E-O,0.103074404,0.174038857,-0.214439951,0.433436912,0.021919042,VT,Vermont,50,"Essex-Orleans State Senate District (2012), Vermont",NA,E-O,2550FRA,-0.116884777,0.15776463,-0.419421266,0.206137546,-0.324169266,VT,Vermont,50,"Franklin State Senate District (2012), Vermont",NA,FRA,3750LAM,-0.381540918,0.197681422,-0.729385207,0.02181399,-0.592878122,VT,Vermont,50,"Lamoille State Senate District (2012), Vermont",NA,LAM,2250ORA,-0.502050043,0.194752404,-0.892200253,-0.087810761,-1.154877928,VT,Vermont,50,"Orange State Senate District (2012), Vermont",NA,ORA,2150RUT,-0.05300112,0.119681531,-0.293944145,0.18639269,-0.098526453,VT,Vermont,50,"Rutland State Senate District (2012), Vermont",NA,RUT,8250WAS,-0.603550268,0.146130557,-0.890986396,-0.335706429,-0.794625504,VT,Vermont,50,"Washington State Senate District (2012), Vermont",NA,WAS,5750WDM,-0.608065873,0.167608762,-0.940806764,-0.279476107,-0.957941886,VT,Vermont,50,"Windham State Senate District (2012), Vermont",NA,WDM,4350WSR,-0.193802552,0.14942052,-0.479994592,0.094301147,-0.189182585,VT,Vermont,50,"Windsor State Senate District (2012), Vermont",NA,WSR,5751001,-0.222351036,0.088781333,-0.383520426,-0.038300042,-0.187535488,VA,Virginia,51,"State Senate District 1 (2012), Virginia",0.60415527,1,18751002,-0.203247863,0.087874832,-0.384332331,-0.043841817,-0.11867899,VA,Virginia,51,"State Senate District 2 (2012), Virginia",0.725049634,2,19451003,0.198894682,0.091435441,0.027502834,0.379662504,0.265638067,VA,Virginia,51,"State Senate District 3 (2012), Virginia",0.365762905,3,17451004,0.079936259,0.101966496,-0.119663409,0.275549035,0.067059965,VA,Virginia,51,"State Senate District 4 (2012), Virginia",0.401789447,4,14351005,-0.174574277,0.095286877,-0.357295263,0.01692048,-0.148901624,VA,Virginia,51,"State Senate District 5 (2012), Virginia",0.754869158,5,16251006,0.019066655,0.097627207,-0.173919761,0.20929386,0.084940891,VA,Virginia,51,"State Senate District 6 (2012), Virginia",0.574661015,6,15651007,-0.011467133,0.084733309,-0.187229826,0.147896763,0.09204494,VA,Virginia,51,"State Senate District 7 (2012), Virginia",0.501775765,7,19351008,0.018810183,0.095234862,-0.177015223,0.191443258,0.127278855,VA,Virginia,51,"State Senate District 8 (2012), Virginia",0.467204345,8,16251009,-0.375018145,0.089706182,-0.555015026,-0.200759709,-0.447020566,VA,Virginia,51,"State Senate District 9 (2012), Virginia",0.736009387,9,19251010,-0.294427092,0.093204782,-0.467122492,-0.117660933,-0.261238049,VA,Virginia,51,"State Senate District 10 (2012), Virginia",0.511402074,10,15851011,0.140409698,0.083060575,-0.026473666,0.30740897,0.222714962,VA,Virginia,51,"State Senate District 11 (2012), Virginia",0.431146339,11,20251012,0.015749383,0.08501324,-0.142868501,0.180831935,0.037176137,VA,Virginia,51,"State Senate District 12 (2012), Virginia",0.440897083,12,19851013,-0.081177377,0.102662327,-0.27365451,0.121163128,-0.029288111,VA,Virginia,51,"State Senate District 13 (2012), Virginia",0.481265356,13,13951014,0.18258402,0.107680295,-0.03185648,0.40159994,0.336818993,VA,Virginia,51,"State Senate District 14 (2012), Virginia",0.397498283,14,13651015,0.056659544,0.1018018,-0.152507772,0.249430388,0.044630088,VA,Virginia,51,"State Senate District 15 (2012), Virginia",0.403195327,15,13351016,-0.244157769,0.110588329,-0.47899464,-0.039073684,-0.242986909,VA,Virginia,51,"State Senate District 16 (2012), Virginia",0.732130384,16,13251017,0.045077754,0.091108975,-0.141324878,0.21931617,0.123731865,VA,Virginia,51,"State Senate District 17 (2012), Virginia",0.497618044,17,17651018,-0.191584756,0.101521059,-0.385474894,0.003944773,-0.176942305,VA,Virginia,51,"State Senate District 18 (2012), Virginia",0.685918132,18,13051019,0.225729018,0.095893011,0.015003229,0.40695879,0.380406412,VA,Virginia,51,"State Senate District 19 (2012), Virginia",0.34981966,19,16651020,0.125525263,0.093271523,-0.054490435,0.293166134,0.302798373,VA,Virginia,51,"State Senate District 20 (2012), Virginia",0.482220119,20,16651021,-0.118457554,0.091957139,-0.305384394,0.05438315,-0.077984179,VA,Virginia,51,"State Senate District 21 (2012), Virginia",0.55361611,21,16151022,0.129578785,0.102610807,-0.083544945,0.316455114,0.252634221,VA,Virginia,51,"State Senate District 22 (2012), Virginia",0.455726562,22,13451023,0.450264712,0.095407529,0.268278331,0.630624772,0.609051508,VA,Virginia,51,"State Senate District 23 (2012), Virginia",0.302686463,23,17351024,0.118661072,0.096984406,-0.075554376,0.311728414,0.116180264,VA,Virginia,51,"State Senate District 24 (2012), Virginia",0.355425989,24,15751025,-0.040781579,0.100101005,-0.225937861,0.160434524,-0.057350383,VA,Virginia,51,"State Senate District 25 (2012), Virginia",0.564521746,25,14151026,-0.006505605,0.103673669,-0.213746316,0.201261626,0.02274634,VA,Virginia,51,"State Senate District 26 (2012), Virginia",0.391423966,26,14651027,0.035691366,0.10710438,-0.172441117,0.240310463,0.090825713,VA,Virginia,51,"State Senate District 27 (2012), Virginia",0.396253559,27,13151028,0.215840459,0.098453295,0.032640562,0.407230045,0.364339326,VA,Virginia,51,"State Senate District 28 (2012), Virginia",0.433503452,28,17051029,-0.054006769,0.09847154,-0.233545889,0.145970511,0.023559401,VA,Virginia,51,"State Senate District 29 (2012), Virginia",0.643345249,29,13851030,-0.666951504,0.098414939,-0.845395507,-0.458792541,-0.742379331,VA,Virginia,51,"State Senate District 30 (2012), Virginia",0.670592327,30,15951031,-0.405991457,0.095897402,-0.586776179,-0.22019476,-0.447131395,VA,Virginia,51,"State Senate District 31 (2012), Virginia",0.618036436,31,16051032,-0.266887303,0.098279841,-0.462096395,-0.067847716,-0.334742711,VA,Virginia,51,"State Senate District 32 (2012), Virginia",0.615910254,32,15451033,-0.049427819,0.101606195,-0.249764559,0.149266788,0.043728005,VA,Virginia,51,"State Senate District 33 (2012), Virginia",0.601111696,33,13351034,-0.20251333,0.091059287,-0.375392819,-0.036732732,-0.183892115,VA,Virginia,51,"State Senate District 34 (2012), Virginia",0.581388441,34,17751035,-0.328617255,0.108342335,-0.545900123,-0.136927594,-0.423231075,VA,Virginia,51,"State Senate District 35 (2012), Virginia",0.693969596,35,10351036,-0.186526076,0.099393974,-0.390475909,-0.004883528,-0.157013894,VA,Virginia,51,"State Senate District 36 (2012), Virginia",0.654295474,36,14451037,-0.133823889,0.106714597,-0.339653125,0.082701179,-0.104673185,VA,Virginia,51,"State Senate District 37 (2012), Virginia",0.593312481,37,15551038,0.421316187,0.10791308,0.217541087,0.644109015,0.546171627,VA,Virginia,51,"State Senate District 38 (2012), Virginia",0.319016293,38,12951039,-0.143338031,0.091468388,-0.32014357,0.028789738,-0.117014678,VA,Virginia,51,"State Senate District 39 (2012), Virginia",0.605397647,39,18751040,0.267509312,0.10282762,0.061989634,0.466628414,0.306965505,VA,Virginia,51,"State Senate District 40 (2012), Virginia",0.284444982,40,13853001,-0.38490166,0.111012536,-0.614827455,-0.184109822,-0.297731712,WA,Washington,53,"State Senate District 1 (2012), Washington",NA,1,12353002,0.240886656,0.100217327,0.03783697,0.448897738,0.323765482,WA,Washington,53,"State Senate District 2 (2012), Washington",NA,2,12853003,-0.327242785,0.097740918,-0.528791192,-0.137556837,-0.241275816,WA,Washington,53,"State Senate District 3 (2012), Washington",NA,3,15053004,0.277919975,0.101509157,0.086744682,0.478799532,0.46173227,WA,Washington,53,"State Senate District 4 (2012), Washington",NA,4,15553005,-0.323771371,0.10643515,-0.525954956,-0.118735033,-0.290717192,WA,Washington,53,"State Senate District 5 (2012), Washington",NA,5,12353006,-0.188784802,0.103702462,-0.395704312,0.011681519,-0.101368921,WA,Washington,53,"State Senate District 6 (2012), Washington",NA,6,15053007,0.11568725,0.118056034,-0.107554008,0.347228012,0.215545882,WA,Washington,53,"State Senate District 7 (2012), Washington",NA,7,11053008,-0.000819171,0.097115229,-0.195070726,0.185740877,0.173993537,WA,Washington,53,"State Senate District 8 (2012), Washington",NA,8,12853009,0.080615338,0.111966168,-0.138884726,0.295976192,0.250822012,WA,Washington,53,"State Senate District 9 (2012), Washington",NA,9,10453010,-0.137162019,0.108347244,-0.341416997,0.082526746,-0.028405623,WA,Washington,53,"State Senate District 10 (2012), Washington",NA,10,11953011,-0.482006158,0.1230209,-0.711565135,-0.225673056,-0.396731614,WA,Washington,53,"State Senate District 11 (2012), Washington",NA,11,10053012,0.058045377,0.119906331,-0.191863469,0.275329199,0.262849501,WA,Washington,53,"State Senate District 12 (2012), Washington",NA,12,7553013,0.03031572,0.130976116,-0.242174597,0.277706563,0.171181589,WA,Washington,53,"State Senate District 13 (2012), Washington",NA,13,7453014,0.100512943,0.128958039,-0.156868986,0.356736589,0.296974218,WA,Washington,53,"State Senate District 14 (2012), Washington",NA,14,8153015,0.025104135,0.129880236,-0.223893083,0.276202222,0.310532335,WA,Washington,53,"State Senate District 15 (2012), Washington",NA,15,7453016,0.268512679,0.13875281,0.003360384,0.534111056,0.655620443,WA,Washington,53,"State Senate District 16 (2012), Washington",NA,16,7053017,-0.049493731,0.092721549,-0.224682046,0.118622787,0.086652038,WA,Washington,53,"State Senate District 17 (2012), Washington",NA,17,17353018,-0.144244034,0.09703816,-0.328129517,0.037114806,-0.031735266,WA,Washington,53,"State Senate District 18 (2012), Washington",NA,18,14953019,-0.085193803,0.097529632,-0.255465945,0.116173069,0.031935056,WA,Washington,53,"State Senate District 19 (2012), Washington",NA,19,14253020,0.079949887,0.104733606,-0.1260271,0.309373442,0.217011062,WA,Washington,53,"State Senate District 20 (2012), Washington",NA,20,11953021,-0.274961959,0.114584302,-0.500901397,-0.071964439,-0.18387537,WA,Washington,53,"State Senate District 21 (2012), Washington",NA,21,10853022,-0.514516077,0.093924669,-0.690459238,-0.318174314,-0.486823686,WA,Washington,53,"State Senate District 22 (2012), Washington",NA,22,17353023,-0.354797973,0.104014184,-0.563516054,-0.149525115,-0.303229348,WA,Washington,53,"State Senate District 23 (2012), Washington",NA,23,12453024,-0.146309659,0.093567792,-0.335901657,0.029960392,-0.038867942,WA,Washington,53,"State Senate District 24 (2012), Washington",NA,24,17053025,0.066203124,0.095723798,-0.122678801,0.245230439,0.242065591,WA,Washington,53,"State Senate District 25 (2012), Washington",NA,25,14853026,-0.041364072,0.09649979,-0.239065074,0.133252677,0.065123422,WA,Washington,53,"State Senate District 26 (2012), Washington",NA,26,17653027,-0.370621769,0.11561353,-0.59177717,-0.14881829,-0.310841752,WA,Washington,53,"State Senate District 27 (2012), Washington",NA,27,11853028,-0.091381228,0.109139578,-0.30565077,0.126974105,-0.055337179,WA,Washington,53,"State Senate District 28 (2012), Washington",NA,28,11353029,-0.185736109,0.107889183,-0.404079129,0.020440834,-0.091192588,WA,Washington,53,"State Senate District 29 (2012), Washington",NA,29,13253030,-0.557116191,0.116239648,-0.767986138,-0.327726799,-0.55279051,WA,Washington,53,"State Senate District 30 (2012), Washington",NA,30,10153031,-0.205530287,0.11976982,-0.437192906,0.014907562,-0.151777648,WA,Washington,53,"State Senate District 31 (2012), Washington",NA,31,8553032,-0.69342543,0.104354757,-0.905870145,-0.490371459,-0.706415504,WA,Washington,53,"State Senate District 32 (2012), Washington",NA,32,14553033,-0.338035186,0.11285254,-0.564396735,-0.110739338,-0.219182222,WA,Washington,53,"State Senate District 33 (2012), Washington",NA,33,11153034,-0.680350538,0.094547008,-0.870784323,-0.493785383,-0.629038785,WA,Washington,53,"State Senate District 34 (2012), Washington",NA,34,16553035,-0.180837001,0.105033452,-0.406109345,0.018456966,-0.098706193,WA,Washington,53,"State Senate District 35 (2012), Washington",NA,35,14753036,-1.105581434,0.108930347,-1.319068415,-0.902929466,-1.2219354,WA,Washington,53,"State Senate District 36 (2012), Washington",NA,36,12353037,-1.167301632,0.106979903,-1.382986423,-0.960348267,-1.305004879,WA,Washington,53,"State Senate District 37 (2012), Washington",NA,37,11353038,-0.289976622,0.118932478,-0.521503612,-0.061565861,-0.167756343,WA,Washington,53,"State Senate District 38 (2012), Washington",NA,38,9453039,-0.189742069,0.102859928,-0.390316961,0.012734182,-0.07079562,WA,Washington,53,"State Senate District 39 (2012), Washington",NA,39,12453040,-0.416515821,0.107992771,-0.626671138,-0.215483933,-0.364456096,WA,Washington,53,"State Senate District 40 (2012), Washington",NA,40,12253041,-0.265879585,0.106282633,-0.470684337,-0.074588004,-0.268601585,WA,Washington,53,"State Senate District 41 (2012), Washington",NA,41,11253042,-0.211632461,0.093551261,-0.390198331,-0.048213063,-0.131747803,WA,Washington,53,"State Senate District 42 (2012), Washington",NA,42,15053043,-1.108069076,0.092821593,-1.28404064,-0.924408113,-1.225964653,WA,Washington,53,"State Senate District 43 (2012), Washington",NA,43,15653044,-0.006472407,0.120550224,-0.228418916,0.217003803,0.18140517,WA,Washington,53,"State Senate District 44 (2012), Washington",NA,44,10753045,-0.393676001,0.101388737,-0.596207825,-0.195916567,-0.299925951,WA,Washington,53,"State Senate District 45 (2012), Washington",NA,45,12053046,-0.943237977,0.109625524,-1.150318934,-0.720291907,-0.94848794,WA,Washington,53,"State Senate District 46 (2012), Washington",NA,46,13453047,-0.227596246,0.110302803,-0.446493939,-0.023939087,-0.173158411,WA,Washington,53,"State Senate District 47 (2012), Washington",NA,47,12153048,-0.423814133,0.097607334,-0.615133773,-0.243651572,-0.304902934,WA,Washington,53,"State Senate District 48 (2012), Washington",NA,48,13953049,-0.348885679,0.107337074,-0.581180002,-0.145286101,-0.256109174,WA,Washington,53,"State Senate District 49 (2012), Washington",NA,49,13954001,0.077308079,0.114317711,-0.128757402,0.307565466,0.100729272,WV,West Virginia,54,"State Senate District 1 (2012), West Virginia",0.397463478,1,10154002,0.324044382,0.134396,0.060865229,0.616115916,0.460945805,WV,West Virginia,54,"State Senate District 2 (2012), West Virginia",0.336249107,2,7154003,0.279863498,0.114307642,0.049966801,0.49630501,0.428146356,WV,West Virginia,54,"State Senate District 3 (2012), West Virginia",0.338832266,3,10254004,0.339199784,0.14469133,0.051240719,0.614924501,0.484379207,WV,West Virginia,54,"State Senate District 4 (2012), West Virginia",0.33755676,4,6654005,-0.068108806,0.120270459,-0.295058966,0.16669393,-0.058776244,WV,West Virginia,54,"State Senate District 5 (2012), West Virginia",0.421709946,5,9154006,0.458970017,0.116621352,0.213424876,0.684890647,0.616194051,WV,West Virginia,54,"State Senate District 6 (2012), West Virginia",0.286767385,6,9354007,0.0321937,0.137678594,-0.257399642,0.283929005,0.071628884,WV,West Virginia,54,"State Senate District 7 (2012), West Virginia",0.318755756,7,7054008,0.074483756,0.114702839,-0.150040051,0.302486394,0.059233729,WV,West Virginia,54,"State Senate District 8 (2012), West Virginia",0.445596653,8,10954009,0.31027107,0.117272291,0.084535455,0.53480932,0.420898462,WV,West Virginia,54,"State Senate District 9 (2012), West Virginia",0.263184011,9,9454010,0.171975997,0.120327422,-0.054384617,0.415535214,0.266490764,WV,West Virginia,54,"State Senate District 10 (2012), West Virginia",0.365971953,10,9254011,0.178670335,0.107640915,-0.052572786,0.370307565,0.222598797,WV,West Virginia,54,"State Senate District 11 (2012), West Virginia",0.308941836,11,10854012,0.200128184,0.143239658,-0.086164708,0.48865797,0.256735546,WV,West Virginia,54,"State Senate District 12 (2012), West Virginia",0.367374368,12,6354013,-0.1693336,0.125027145,-0.404396445,0.088314897,-0.225670133,WV,West Virginia,54,"State Senate District 13 (2012), West Virginia",0.463403017,13,8454014,0.002589621,0.117364878,-0.24277733,0.224526219,-0.072290229,WV,West Virginia,54,"State Senate District 14 (2012), West Virginia",0.307919607,14,8154015,0.146059678,0.123174168,-0.084841109,0.383706117,0.230812871,WV,West Virginia,54,"State Senate District 15 (2012), West Virginia",0.310686858,15,8654016,-0.227024415,0.129119506,-0.494769267,0.008762727,-0.273929363,WV,West Virginia,54,"State Senate District 16 (2012), West Virginia",0.470014414,16,8054017,-0.070429726,0.108457688,-0.279249349,0.146062677,-0.123017566,WV,West Virginia,54,"State Senate District 17 (2012), West Virginia",0.423174294,17,13055001,0.07492287,0.105575256,-0.127472412,0.286301335,0.133951103,WI,Wisconsin,55,"State Senate District 1 (2012), Wisconsin",0.475504684,1,13655002,0.159781572,0.109371329,-0.066491735,0.385403553,0.22406121,WI,Wisconsin,55,"State Senate District 2 (2012), Wisconsin",0.465812435,2,12255003,-0.353071971,0.110880708,-0.568388813,-0.152698178,-0.238938854,WI,Wisconsin,55,"State Senate District 3 (2012), Wisconsin",0.695606185,3,13055004,-0.458046771,0.10518363,-0.661705345,-0.242773962,-0.463890956,WI,Wisconsin,55,"State Senate District 4 (2012), Wisconsin",0.862082939,4,13555005,0.106452696,0.096496628,-0.088005814,0.279709545,0.278925995,WI,Wisconsin,55,"State Senate District 5 (2012), Wisconsin",0.433365203,5,15555006,-0.682079179,0.108271978,-0.88648758,-0.462244442,-0.637066254,WI,Wisconsin,55,"State Senate District 6 (2012), Wisconsin",0.889438273,6,12555007,-0.270027094,0.099190099,-0.457389616,-0.086124733,-0.324084489,WI,Wisconsin,55,"State Senate District 7 (2012), Wisconsin",0.602739447,7,16755008,0.27229839,0.092720167,0.099343122,0.457750491,0.419752154,WI,Wisconsin,55,"State Senate District 8 (2012), Wisconsin",0.403987824,8,17155009,0.071141176,0.096926436,-0.121306507,0.256045049,0.179940287,WI,Wisconsin,55,"State Senate District 9 (2012), Wisconsin",0.463806617,9,15955010,-0.277180773,0.097204697,-0.479238525,-0.083260095,-0.234288549,WI,Wisconsin,55,"State Senate District 10 (2012), Wisconsin",0.467682458,10,14055011,0.086369037,0.097997662,-0.093075644,0.281288554,0.236392732,WI,Wisconsin,55,"State Senate District 11 (2012), Wisconsin",0.43083233,11,15655012,0.152157127,0.090539044,-0.040811289,0.322398832,0.259259788,WI,Wisconsin,55,"State Senate District 12 (2012), Wisconsin",0.463828977,12,18155013,0.054898429,0.09543006,-0.132526728,0.256045552,0.171592178,WI,Wisconsin,55,"State Senate District 13 (2012), Wisconsin",0.436396945,13,15055014,0.021863336,0.100208968,-0.166688371,0.222084881,0.144550052,WI,Wisconsin,55,"State Senate District 14 (2012), Wisconsin",0.48788564,14,15155015,-0.317723936,0.08701345,-0.484539121,-0.155624739,-0.286647257,WI,Wisconsin,55,"State Senate District 15 (2012), Wisconsin",0.625136918,15,18555016,-0.588218417,0.084481823,-0.75347466,-0.419824307,-0.588674398,WI,Wisconsin,55,"State Senate District 16 (2012), Wisconsin",0.715316664,16,18855017,-0.119610573,0.1084041,-0.335840633,0.080981566,-0.09232467,WI,Wisconsin,55,"State Senate District 17 (2012), Wisconsin",0.572591554,17,12255018,0.078470818,0.102658039,-0.125126489,0.275695308,0.137167845,WI,Wisconsin,55,"State Senate District 18 (2012), Wisconsin",0.493720773,18,15055019,-0.281990522,0.097359251,-0.480763776,-0.09424296,-0.251536636,WI,Wisconsin,55,"State Senate District 19 (2012), Wisconsin",0.500065519,19,15855020,0.195172697,0.099919371,0.018756795,0.398873003,0.365853588,WI,Wisconsin,55,"State Senate District 20 (2012), Wisconsin",0.317617816,20,13755021,0.006868048,0.089716473,-0.159444204,0.183724472,0.114470881,WI,Wisconsin,55,"State Senate District 21 (2012), Wisconsin",0.447149538,21,17655022,-0.144310714,0.086373119,-0.300473031,0.039959405,-0.084780802,WI,Wisconsin,55,"State Senate District 22 (2012), Wisconsin",0.67336468,22,20255023,-0.107193087,0.105883627,-0.309242817,0.095460694,-0.128046626,WI,Wisconsin,55,"State Senate District 23 (2012), Wisconsin",0.482850731,23,13855024,-0.089987369,0.09953082,-0.276127888,0.103736055,-0.049627096,WI,Wisconsin,55,"State Senate District 24 (2012), Wisconsin",0.524983412,24,13055025,0.094349508,0.087993619,-0.083327188,0.268766368,0.174007531,WI,Wisconsin,55,"State Senate District 25 (2012), Wisconsin",0.563576434,25,19755026,-0.962188198,0.083798192,-1.106974807,-0.793794153,-1.02978612,WI,Wisconsin,55,"State Senate District 26 (2012), Wisconsin",0.801829486,26,20055027,-0.41008218,0.088855985,-0.582316016,-0.251665351,-0.408093362,WI,Wisconsin,55,"State Senate District 27 (2012), Wisconsin",0.626583341,27,16355028,0.212846745,0.085413788,0.040381186,0.380591258,0.365153371,WI,Wisconsin,55,"State Senate District 28 (2012), Wisconsin",0.389010818,28,19455029,0.196901704,0.095916506,0.006232203,0.379205081,0.282850922,WI,Wisconsin,55,"State Senate District 29 (2012), Wisconsin",0.473987516,29,15955030,0.166875056,0.100514324,-0.026312567,0.346538525,0.312339766,WI,Wisconsin,55,"State Senate District 30 (2012), Wisconsin",0.522957361,30,15955031,0.082674706,0.106495859,-0.129360417,0.297592049,0.188470652,WI,Wisconsin,55,"State Senate District 31 (2012), Wisconsin",0.551850561,31,11855032,-0.075408553,0.104365023,-0.278267591,0.12594803,-0.018599615,WI,Wisconsin,55,"State Senate District 32 (2012), Wisconsin",0.5805832,32,11555033,0.235922535,0.103022344,0.039504443,0.443701435,0.375430272,WI,Wisconsin,55,"State Senate District 33 (2012), Wisconsin",0.333972732,33,15456001,0.569993033,0.227218067,0.133365434,0.96490785,0.803070446,WY,Wyoming,56,"State Senate District 1 (2012), Wyoming",0.112954379,1,856002,0.338982245,0.189898671,-0.050194901,0.694419621,0.365293857,WY,Wyoming,56,"State Senate District 2 (2012), Wyoming",0.221078856,2,2056003,0.447368241,0.200903268,0.039817273,0.870895932,1.009876914,WY,Wyoming,56,"State Senate District 3 (2012), Wyoming",0.225020403,3,2056004,0.195771845,0.214510931,-0.223257962,0.592704716,0.017132787,WY,Wyoming,56,"State Senate District 4 (2012), Wyoming",0.34435527,4,1456005,-0.179518827,0.212014368,-0.579832171,0.228741716,-0.623074821,WY,Wyoming,56,"State Senate District 5 (2012), Wyoming",0.36645469,5,1656006,0.239445268,0.219096494,-0.193161897,0.630156019,0.291030048,WY,Wyoming,56,"State Senate District 6 (2012), Wyoming",0.29973946,6,1056007,0.160043308,0.187292139,-0.189415589,0.578288728,0.215891494,WY,Wyoming,56,"State Senate District 7 (2012), Wyoming",0.426861266,7,2256008,0.313537734,0.230460691,-0.109689591,0.773489582,1.01862792,WY,Wyoming,56,"State Senate District 8 (2012), Wyoming",0.476863978,8,1056009,0.19363843,0.209943542,-0.226482694,0.62811996,0.61857021,WY,Wyoming,56,"State Senate District 9 (2012), Wyoming",0.550807489,9,1356010,0.266890498,0.207249229,-0.146218236,0.68094348,0.608350528,WY,Wyoming,56,"State Senate District 10 (2012), Wyoming",0.436235065,10,1156011,0.473304929,0.198934855,0.074714834,0.872203704,0.816830327,WY,Wyoming,56,"State Senate District 11 (2012), Wyoming",0.312843649,11,1956012,0.249086851,0.195416683,-0.116567216,0.628956171,0.581028787,WY,Wyoming,56,"State Senate District 12 (2012), Wyoming",0.330646436,12,2256013,0.102930514,0.210556001,-0.286097862,0.530752768,0.182097448,WY,Wyoming,56,"State Senate District 13 (2012), Wyoming",0.30329729,13,1356014,0.10166491,0.213684255,-0.313002038,0.480767084,-0.391251031,WY,Wyoming,56,"State Senate District 14 (2012), Wyoming",0.189892233,14,756015,-0.021827935,0.181374153,-0.39641676,0.317928558,-0.256270422,WY,Wyoming,56,"State Senate District 15 (2012), Wyoming",0.201254504,15,2856016,0.215246454,0.206482204,-0.168778208,0.627493614,0.233147529,WY,Wyoming,56,"State Senate District 16 (2012), Wyoming",0.22566869,16,1556017,-0.251539122,0.218151004,-0.685444266,0.209485395,-1.08307813,WY,Wyoming,56,"State Senate District 17 (2012), Wyoming",0.562649554,17,1056018,0.411904247,0.188892866,0.054143174,0.754054412,0.794884384,WY,Wyoming,56,"State Senate District 18 (2012), Wyoming",0.202058391,18,2056019,0.439871204,0.201653341,0.051938822,0.816004421,0.800494468,WY,Wyoming,56,"State Senate District 19 (2012), Wyoming",0.200528368,19,1756020,0.24089907,0.202473592,-0.192132001,0.613328606,0.328969395,WY,Wyoming,56,"State Senate District 20 (2012), Wyoming",0.195822454,20,1756021,0.341687893,0.239108525,-0.072309211,0.812024045,0.043268165,WY,Wyoming,56,"State Senate District 21 (2012), Wyoming",0.267676229,21,956022,0.387583745,0.237975003,-0.056746413,0.883133141,1.018463194,WY,Wyoming,56,"State Senate District 22 (2012), Wyoming",0.215429234,22,556023,0.49258158,0.223230598,0.04294529,0.89284395,0.469279982,WY,Wyoming,56,"State Senate District 23 (2012), Wyoming",0.118322581,23,756024,0.310908207,0.210422877,-0.075971458,0.763767922,1.081252525,WY,Wyoming,56,"State Senate District 24 (2012), Wyoming",0.158568479,24,1456025,0.388162302,0.220758431,-0.017694343,0.845705747,0.310521093,WY,Wyoming,56,"State Senate District 25 (2012), Wyoming",0.453556807,25,1256026,0.31661953,0.187543737,-0.072064163,0.702537153,0.456790062,WY,Wyoming,56,"State Senate District 26 (2012), Wyoming",0.210321797,26,2256027,0.426173268,0.173546278,0.108317299,0.749201146,0.873456439,WY,Wyoming,56,"State Senate District 27 (2012), Wyoming",0.273111712,27,3156028,-0.003624684,0.175946678,-0.312695902,0.37142421,0.055353474,WY,Wyoming,56,"State Senate District 28 (2012), Wyoming",0.346872804,28,2656029,0.369575182,0.205415107,-0.046187013,0.779840155,0.764688962,WY,Wyoming,56,"State Senate District 29 (2012), Wyoming",0.300012058,29,1956030,-0.229619344,0.200512548,-0.62921485,0.158786991,-0.65872949,WY,Wyoming,56,"State Senate District 30 (2012), Wyoming",0.234137498,30,18